# Label: Avanti Sensor 1: EMG 1->RMean->Subset Sampling frequency: 1.000000e+003 Number of points: 5000 X start: 0.000000e+000 Unit: V Domain Unit: s
X [s],Avanti Sensor 1: EMG 1->RMean->Subset [V]
0.000000e+000,-7.362792e-006
1.000000e-003,-1.139118e-005
2.000000e-003,-2.246922e-005
3.000000e-003,-2.683331e-005
4.000000e-003,-2.448342e-005
5.000000e-003,-1.474816e-005
6.000000e-003,1.029668e-006
7.000000e-003,8.079336e-006
8.000000e-003,4.386653e-006
9.000000e-003,-2.663015e-006
1.000000e-002,-3.670113e-006
1.100000e-002,-9.845241e-007
1.200000e-002,-2.347632e-005
1.300000e-002,-4.529672e-005
1.400000e-002,-6.020000e-006
1.500000e-002,3.997069e-005
1.600000e-002,6.380528e-005
1.700000e-002,5.742701e-005
1.800000e-002,4.937025e-005
1.900000e-002,2.989974e-005
2.000000e-002,-5.684302e-006
2.100000e-002,-1.978364e-005
2.200000e-002,-1.776945e-005
2.300000e-002,-6.020000e-006
2.400000e-002,3.715257e-006
2.500000e-002,-5.012905e-006
2.600000e-002,-9.712687e-006
2.700000e-002,-7.027094e-006
2.800000e-002,-2.998713e-006
2.900000e-002,1.701065e-006
3.000000e-002,3.582720e-007
3.100000e-002,1.701065e-006
3.200000e-002,-4.005811e-006
3.300000e-002,6.939702e-007
3.400000e-002,-5.684302e-006
3.500000e-002,-8.034189e-006
3.600000e-002,-6.020000e-006
3.700000e-002,3.043857e-006
3.800000e-002,5.729446e-006
3.900000e-002,1.378621e-005
4.000000e-002,1.042922e-005
4.100000e-002,-8.034189e-006
4.200000e-002,-1.508386e-005
4.300000e-002,1.143632e-005
4.400000e-002,5.742701e-005
4.500000e-002,2.788555e-005
4.600000e-002,-3.656856e-005
4.700000e-002,-2.851180e-005
4.800000e-002,-9.712687e-006
4.900000e-002,-7.698490e-006
5.000000e-002,-6.691396e-006
5.100000e-002,-1.655920e-006
5.200000e-002,3.582720e-007
5.300000e-002,7.072242e-006
5.400000e-002,-3.670113e-006
5.500000e-002,-5.033220e-005
5.600000e-002,-5.939606e-005
5.700000e-002,-6.355698e-006
5.800000e-002,3.023543e-005
5.900000e-002,3.694940e-005
6.000000e-002,2.385716e-005
6.100000e-002,1.445761e-005
6.200000e-002,1.445761e-005
6.300000e-002,-1.071978e-005
6.400000e-002,-3.019029e-005
6.500000e-002,-1.508386e-005
6.600000e-002,1.110062e-005
6.700000e-002,3.057113e-005
6.800000e-002,3.157823e-005
6.900000e-002,2.251437e-005
7.000000e-002,1.445761e-005
7.100000e-002,5.729446e-006
7.200000e-002,-3.131279e-007
7.300000e-002,-4.341509e-006
7.400000e-002,-1.239827e-005
7.500000e-002,-1.374106e-005
7.600000e-002,-1.139118e-005
7.700000e-002,-1.474816e-005
7.800000e-002,-9.712687e-006
7.900000e-002,-1.944794e-005
8.000000e-002,-2.079073e-005
8.100000e-002,-1.474816e-005
8.200000e-002,-4.341509e-006
8.300000e-002,2.036763e-006
8.400000e-002,-3.131279e-007
8.500000e-002,5.058050e-006
8.600000e-002,1.076493e-005
8.700000e-002,5.729446e-006
8.800000e-002,5.058050e-006
8.900000e-002,6.400842e-006
9.000000e-002,5.058050e-006
9.100000e-002,2.016448e-005
9.200000e-002,3.896360e-005
9.300000e-002,1.580040e-005
9.400000e-002,-1.991619e-006
9.500000e-002,-1.743375e-005
9.600000e-002,-2.246922e-005
9.700000e-002,-4.529672e-005
9.800000e-002,-4.663952e-005
9.900000e-002,-2.582621e-005
1.000000e-001,1.177202e-005
1.010000e-001,1.714319e-005
1.020000e-001,1.882169e-005
1.030000e-001,2.117158e-005
1.040000e-001,1.915739e-005
1.050000e-001,8.750733e-006
1.060000e-001,5.393748e-006
1.070000e-001,-1.071978e-005
1.080000e-001,-3.656856e-005
1.090000e-001,-3.925415e-005
1.100000e-001,-1.172688e-005
1.110000e-001,2.788555e-005
1.120000e-001,3.594231e-005
1.130000e-001,3.359242e-005
1.140000e-001,2.754985e-005
1.150000e-001,1.546470e-005
1.160000e-001,1.244342e-005
1.170000e-001,1.110062e-005
1.180000e-001,-4.341509e-006
1.190000e-001,-3.334415e-006
1.200000e-001,1.311481e-005
1.210000e-001,2.257025e-008
1.220000e-001,-1.172688e-005
1.230000e-001,-2.011934e-005
1.240000e-001,-1.642666e-005
1.250000e-001,-2.851180e-005
1.260000e-001,-1.508386e-005
1.270000e-001,2.036763e-006
1.280000e-001,9.757827e-006
1.290000e-001,8.415034e-006
1.300000e-001,1.029668e-006
1.310000e-001,3.582720e-007
1.320000e-001,-7.698490e-006
1.330000e-001,-6.020000e-006
1.340000e-001,6.939702e-007
1.350000e-001,-8.705592e-006
1.360000e-001,-2.112643e-005
1.370000e-001,-1.038408e-005
1.380000e-001,-3.824706e-005
1.390000e-001,-1.273397e-005
1.400000e-001,2.452856e-005
1.410000e-001,4.668466e-005
1.420000e-001,5.172014e-005
1.430000e-001,1.412191e-005
1.440000e-001,-2.327317e-006
1.450000e-001,-1.273397e-005
1.460000e-001,-1.004838e-005
1.470000e-001,2.372461e-006
1.480000e-001,-3.670113e-006
1.490000e-001,-2.327317e-006
1.500000e-001,1.701065e-006
1.510000e-001,-2.998713e-006
1.520000e-001,-1.655920e-006
1.530000e-001,6.065144e-006
1.540000e-001,1.110062e-005
1.550000e-001,1.546470e-005
1.560000e-001,7.072242e-006
1.570000e-001,3.582720e-007
1.580000e-001,-2.663015e-006
1.590000e-001,-1.655920e-006
1.600000e-001,-1.655920e-006
1.610000e-001,-5.684302e-006
1.620000e-001,-1.004838e-005
1.630000e-001,-4.126834e-005
1.640000e-001,-4.663952e-005
1.650000e-001,-2.515482e-005
1.660000e-001,9.086431e-006
1.670000e-001,3.325672e-005
1.680000e-001,3.560661e-005
1.690000e-001,5.071304e-005
1.700000e-001,2.217867e-005
1.710000e-001,-4.341509e-006
1.720000e-001,-5.012905e-006
1.730000e-001,-5.684302e-006
1.740000e-001,1.029668e-006
1.750000e-001,6.065144e-006
1.760000e-001,8.079336e-006
1.770000e-001,6.065144e-006
1.780000e-001,-1.655920e-006
1.790000e-001,-9.845241e-007
1.800000e-001,-4.341509e-006
1.810000e-001,3.715257e-006
1.820000e-001,2.117158e-005
1.830000e-001,2.352146e-005
1.840000e-001,5.058050e-006
1.850000e-001,-2.851180e-005
1.860000e-001,-2.448342e-005
1.870000e-001,-1.944794e-005
1.880000e-001,-2.179783e-005
1.890000e-001,-1.844085e-005
1.900000e-001,-2.381202e-005
1.910000e-001,-3.186879e-005
1.920000e-001,-8.369887e-006
1.930000e-001,7.743638e-006
1.940000e-001,1.177202e-005
1.950000e-001,5.729446e-006
1.960000e-001,7.743638e-006
1.970000e-001,4.399907e-005
1.980000e-001,2.788555e-005
1.990000e-001,-2.582621e-005
2.000000e-001,-3.723996e-005
2.010000e-001,-7.362792e-006
2.020000e-001,-7.027094e-006
2.030000e-001,-3.757566e-005
2.040000e-001,-2.179783e-005
2.050000e-001,2.117158e-005
2.060000e-001,4.970595e-005
2.070000e-001,5.004165e-005
2.080000e-001,3.459952e-005
2.090000e-001,1.848599e-005
2.100000e-001,-7.027094e-006
2.110000e-001,-1.407676e-005
2.120000e-001,-7.362792e-006
2.130000e-001,1.029668e-006
2.140000e-001,-9.041290e-006
2.150000e-001,-1.911224e-005
2.160000e-001,-2.784040e-005
2.170000e-001,-2.616191e-005
2.180000e-001,-1.508386e-005
2.190000e-001,-7.027094e-006
2.200000e-001,7.407940e-006
2.210000e-001,1.982878e-005
2.220000e-001,2.788555e-005
2.230000e-001,1.815029e-005
2.240000e-001,5.729446e-006
2.250000e-001,1.701065e-006
2.260000e-001,6.065144e-006
2.270000e-001,8.750733e-006
2.280000e-001,1.177202e-005
2.290000e-001,3.043857e-006
2.300000e-001,2.372461e-006
2.310000e-001,3.379555e-006
2.320000e-001,8.415034e-006
2.330000e-001,1.277911e-005
2.340000e-001,-1.071978e-005
2.350000e-001,-2.381202e-005
2.360000e-001,-2.045503e-005
2.370000e-001,-2.347632e-005
2.380000e-001,6.400842e-006
2.390000e-001,2.519996e-005
2.400000e-001,9.086431e-006
2.410000e-001,-5.348604e-006
2.420000e-001,-7.027094e-006
2.430000e-001,-8.705592e-006
2.440000e-001,2.372461e-006
2.450000e-001,4.386653e-006
2.460000e-001,2.036763e-006
2.470000e-001,-5.012905e-006
2.480000e-001,-2.448342e-005
2.490000e-001,-1.911224e-005
2.500000e-001,-9.845241e-007
2.510000e-001,2.519996e-005
2.520000e-001,1.445761e-005
2.530000e-001,3.043857e-006
2.540000e-001,9.757827e-006
2.550000e-001,1.479331e-005
2.560000e-001,-3.131279e-007
2.570000e-001,-2.146213e-005
2.580000e-001,-3.925415e-005
2.590000e-001,-2.112643e-005
2.600000e-001,1.848599e-005
2.610000e-001,2.452856e-005
2.620000e-001,1.311481e-005
2.630000e-001,-9.712687e-006
2.640000e-001,-2.515482e-005
2.650000e-001,-1.676235e-005
2.660000e-001,-1.642666e-005
2.670000e-001,-4.677207e-006
2.680000e-001,4.386653e-006
2.690000e-001,4.386653e-006
2.700000e-001,7.743638e-006
2.710000e-001,-1.991619e-006
2.720000e-001,-5.738186e-005
2.730000e-001,-3.455437e-005
2.740000e-001,1.210772e-005
2.750000e-001,3.661371e-005
2.760000e-001,4.769176e-005
2.770000e-001,4.198488e-005
2.780000e-001,4.064209e-005
2.790000e-001,1.580040e-005
2.800000e-001,5.729446e-006
2.810000e-001,-3.670113e-006
2.820000e-001,-1.273397e-005
2.830000e-001,-8.369887e-006
2.840000e-001,-1.105548e-005
2.850000e-001,-1.508386e-005
2.860000e-001,-8.369887e-006
2.870000e-001,-1.306967e-005
2.880000e-001,-4.341509e-006
2.890000e-001,1.029668e-006
2.900000e-001,1.029668e-006
2.910000e-001,-2.179783e-005
2.920000e-001,-3.757566e-005
2.930000e-001,-1.911224e-005
2.940000e-001,9.086431e-006
2.950000e-001,8.415034e-006
2.960000e-001,7.072242e-006
2.970000e-001,3.258533e-005
2.980000e-001,4.668466e-005
2.990000e-001,2.184297e-005
3.000000e-001,2.654275e-005
3.010000e-001,2.385716e-005
3.020000e-001,1.512900e-005
3.030000e-001,-4.677207e-006
3.040000e-001,-8.705592e-006
3.050000e-001,-5.684302e-006
3.060000e-001,-1.508386e-005
3.070000e-001,-2.381202e-005
3.080000e-001,-2.616191e-005
3.090000e-001,-1.071978e-005
3.100000e-001,1.701065e-006
3.110000e-001,-1.991619e-006
3.120000e-001,-1.273397e-005
3.130000e-001,3.043857e-006
3.140000e-001,1.882169e-005
3.150000e-001,1.647180e-005
3.160000e-001,3.023543e-005
3.170000e-001,1.815029e-005
3.180000e-001,-8.369887e-006
3.190000e-001,-2.448342e-005
3.200000e-001,-2.112643e-005
3.210000e-001,-6.355698e-006
3.220000e-001,4.399907e-005
3.230000e-001,2.654275e-005
3.240000e-001,-1.306967e-005
3.250000e-001,-4.261113e-005
3.260000e-001,-3.992555e-005
3.270000e-001,-2.582621e-005
3.280000e-001,-1.374106e-005
3.290000e-001,-1.071978e-005
3.300000e-001,-8.369887e-006
3.310000e-001,-1.609096e-005
3.320000e-001,-4.932510e-005
3.330000e-001,-6.141025e-005
3.340000e-001,-1.911224e-005
3.350000e-001,3.325672e-005
3.360000e-001,7.152635e-005
3.370000e-001,6.548378e-005
3.380000e-001,3.929929e-005
3.390000e-001,7.407940e-006
3.400000e-001,-6.355698e-006
3.410000e-001,6.400842e-006
3.420000e-001,1.110062e-005
3.430000e-001,1.412191e-005
3.440000e-001,1.029668e-006
3.450000e-001,-1.776945e-005
3.460000e-001,-1.508386e-005
3.470000e-001,-1.676235e-005
3.480000e-001,-1.139118e-005
3.490000e-001,8.415034e-006
3.500000e-001,1.882169e-005
3.510000e-001,6.939702e-007
3.520000e-001,-1.844085e-005
3.530000e-001,-1.038408e-005
3.540000e-001,2.721415e-005
3.550000e-001,4.735606e-005
3.560000e-001,5.071304e-005
3.570000e-001,3.258533e-005
3.580000e-001,1.714319e-005
3.590000e-001,2.519996e-005
3.600000e-001,-3.670113e-006
3.610000e-001,-3.052599e-005
3.620000e-001,-4.126834e-005
3.630000e-001,-3.690426e-005
3.640000e-001,-2.515482e-005
3.650000e-001,-1.844085e-005
3.660000e-001,-2.481912e-005
3.670000e-001,-1.776945e-005
3.680000e-001,3.043857e-006
3.690000e-001,1.882169e-005
3.700000e-001,2.372461e-006
3.710000e-001,-4.677207e-006
3.720000e-001,1.042922e-005
3.730000e-001,7.743638e-006
3.740000e-001,-1.105548e-005
3.750000e-001,-1.105548e-005
3.760000e-001,-5.684302e-006
3.770000e-001,-1.105548e-005
3.780000e-001,-1.172688e-005
3.790000e-001,2.372461e-006
3.800000e-001,-3.690426e-005
3.810000e-001,-3.992555e-005
3.820000e-001,2.922834e-005
3.830000e-001,6.917646e-005
3.840000e-001,5.339863e-005
3.850000e-001,1.244342e-005
3.860000e-001,-7.362792e-006
3.870000e-001,-2.179783e-005
3.880000e-001,-6.020000e-006
3.890000e-001,-4.005811e-006
3.900000e-001,-1.407676e-005
3.910000e-001,-2.045503e-005
3.920000e-001,-1.374106e-005
3.930000e-001,-3.334415e-006
3.940000e-001,3.582720e-007
3.950000e-001,8.415034e-006
3.960000e-001,1.412191e-005
3.970000e-001,1.445761e-005
3.980000e-001,6.939702e-007
3.990000e-001,-7.027094e-006
4.000000e-001,-6.355698e-006
4.010000e-001,4.386653e-006
4.020000e-001,5.058050e-006
4.030000e-001,2.452856e-005
4.040000e-001,4.601326e-005
4.050000e-001,3.191393e-005
4.060000e-001,-7.027094e-006
4.070000e-001,-2.582621e-005
4.080000e-001,-9.041290e-006
4.090000e-001,2.036763e-006
4.100000e-001,-1.239827e-005
4.110000e-001,-1.172688e-005
4.120000e-001,-2.045503e-005
4.130000e-001,-1.655920e-006
4.140000e-001,1.982878e-005
4.150000e-001,1.680750e-005
4.160000e-001,2.285007e-005
4.170000e-001,3.459952e-005
4.180000e-001,3.459952e-005
4.190000e-001,1.177202e-005
4.200000e-001,1.412191e-005
4.210000e-001,2.016448e-005
4.220000e-001,-9.845241e-007
4.230000e-001,-9.712687e-006
4.240000e-001,-1.441246e-005
4.250000e-001,-8.369887e-006
4.260000e-001,-1.038408e-005
4.270000e-001,1.701065e-006
4.280000e-001,-1.139118e-005
4.290000e-001,-2.951889e-005
4.300000e-001,-3.556146e-005
4.310000e-001,-4.798231e-005
4.320000e-001,-4.193974e-005
4.330000e-001,-2.146213e-005
4.340000e-001,-2.327317e-006
4.350000e-001,1.781459e-005
4.360000e-001,1.445761e-005
4.370000e-001,1.647180e-005
4.380000e-001,5.058050e-006
4.390000e-001,-1.172688e-005
4.400000e-001,-1.642666e-005
4.410000e-001,-6.020000e-006
4.420000e-001,-1.239827e-005
4.430000e-001,-5.671047e-005
4.440000e-001,-5.939606e-005
4.450000e-001,1.714319e-005
4.460000e-001,4.500617e-005
4.470000e-001,4.198488e-005
4.480000e-001,1.580040e-005
4.490000e-001,-7.362792e-006
4.500000e-001,-2.246922e-005
4.510000e-001,-2.817610e-005
4.520000e-001,-1.004838e-005
4.530000e-001,1.982878e-005
4.540000e-001,9.086431e-006
4.550000e-001,-7.027094e-006
4.560000e-001,-4.341509e-006
4.570000e-001,-1.139118e-005
4.580000e-001,-1.139118e-005
4.590000e-001,4.386653e-006
4.600000e-001,1.042922e-005
4.610000e-001,1.177202e-005
4.620000e-001,1.445761e-005
4.630000e-001,5.058050e-006
4.640000e-001,-1.642666e-005
4.650000e-001,-1.038408e-005
4.660000e-001,3.057113e-005
4.670000e-001,3.694940e-005
4.680000e-001,3.157823e-005
4.690000e-001,3.582720e-007
4.700000e-001,-2.998713e-006
4.710000e-001,1.949308e-005
4.720000e-001,3.057113e-005
4.730000e-001,2.150728e-005
4.740000e-001,-2.327317e-006
4.750000e-001,-2.515482e-005
4.760000e-001,-3.186879e-005
4.770000e-001,-1.139118e-005
4.780000e-001,-1.239827e-005
4.790000e-001,-6.488260e-007
4.800000e-001,-6.488260e-007
4.810000e-001,-2.998713e-006
4.820000e-001,2.372461e-006
4.830000e-001,5.729446e-006
4.840000e-001,-8.705592e-006
4.850000e-001,-9.712687e-006
4.860000e-001,-8.369887e-006
4.870000e-001,-9.712687e-006
4.880000e-001,-1.508386e-005
4.890000e-001,-2.112643e-005
4.900000e-001,-1.776945e-005
4.910000e-001,-5.012905e-006
4.920000e-001,2.372461e-006
4.930000e-001,-2.112643e-005
4.940000e-001,-1.978364e-005
4.950000e-001,1.445761e-005
4.960000e-001,3.862790e-005
4.970000e-001,4.265628e-005
4.980000e-001,3.359242e-005
4.990000e-001,2.486426e-005
5.000000e-001,2.989974e-005
5.010000e-001,3.527091e-005
5.020000e-001,2.117158e-005
5.030000e-001,1.244342e-005
5.040000e-001,2.117158e-005
5.050000e-001,-3.670113e-006
5.060000e-001,-3.019029e-005
5.070000e-001,-5.201069e-005
5.080000e-001,-3.992555e-005
5.090000e-001,-3.186879e-005
5.100000e-001,-1.508386e-005
5.110000e-001,-1.105548e-005
5.120000e-001,-3.321158e-005
5.130000e-001,-2.213352e-005
5.140000e-001,-5.684302e-006
5.150000e-001,-2.663015e-006
5.160000e-001,2.989974e-005
5.170000e-001,4.265628e-005
5.180000e-001,5.272723e-005
5.190000e-001,4.399907e-005
5.200000e-001,1.110062e-005
5.210000e-001,-9.712687e-006
5.220000e-001,-1.911224e-005
5.230000e-001,-1.978364e-005
5.240000e-001,-2.045503e-005
5.250000e-001,1.701065e-006
5.260000e-001,1.781459e-005
5.270000e-001,5.393748e-006
5.280000e-001,5.729446e-006
5.290000e-001,-2.327317e-006
5.300000e-001,-1.239827e-005
5.310000e-001,-1.642666e-005
5.320000e-001,-1.508386e-005
5.330000e-001,-2.347632e-005
5.340000e-001,7.743638e-006
5.350000e-001,1.277911e-005
5.360000e-001,1.042922e-005
5.370000e-001,3.582720e-007
5.380000e-001,-1.306967e-005
5.390000e-001,-1.474816e-005
5.400000e-001,-1.105548e-005
5.410000e-001,3.043857e-006
5.420000e-001,1.345051e-005
5.430000e-001,1.177202e-005
5.440000e-001,1.781459e-005
5.450000e-001,2.251437e-005
5.460000e-001,3.325672e-005
5.470000e-001,1.042922e-005
5.480000e-001,-3.334415e-006
5.490000e-001,-3.131279e-007
5.500000e-001,-8.369887e-006
5.510000e-001,-1.239827e-005
5.520000e-001,-1.508386e-005
5.530000e-001,-1.172688e-005
5.540000e-001,-9.041290e-006
5.550000e-001,-7.362792e-006
5.560000e-001,-8.369887e-006
5.570000e-001,-5.684302e-006
5.580000e-001,-2.998713e-006
5.590000e-001,-9.041290e-006
5.600000e-001,-8.705592e-006
5.610000e-001,-1.709805e-005
5.620000e-001,-5.838897e-005
5.630000e-001,-4.428963e-005
5.640000e-001,2.050018e-005
5.650000e-001,6.951216e-005
5.660000e-001,6.212679e-005
5.670000e-001,3.493521e-005
5.680000e-001,1.647180e-005
5.690000e-001,-7.362792e-006
5.700000e-001,-5.684302e-006
5.710000e-001,-4.341509e-006
5.720000e-001,-1.071978e-005
5.730000e-001,-1.575526e-005
5.740000e-001,-1.139118e-005
5.750000e-001,-1.655920e-006
5.760000e-001,2.654275e-005
5.770000e-001,2.184297e-005
5.780000e-001,8.415034e-006
5.790000e-001,-2.998713e-006
5.800000e-001,-2.716900e-005
5.810000e-001,-3.489007e-005
5.820000e-001,-2.918319e-005
5.830000e-001,-1.978364e-005
5.840000e-001,-7.027094e-006
5.850000e-001,1.244342e-005
5.860000e-001,2.721415e-005
5.870000e-001,2.419286e-005
5.880000e-001,2.050018e-005
5.890000e-001,1.076493e-005
5.900000e-001,-7.362792e-006
5.910000e-001,-9.845241e-007
5.920000e-001,9.086431e-006
5.930000e-001,-1.655920e-006
5.940000e-001,-8.705592e-006
5.950000e-001,-7.027094e-006
5.960000e-001,-1.441246e-005
5.970000e-001,-3.131279e-007
5.980000e-001,9.757827e-006
5.990000e-001,3.715257e-006
6.000000e-001,-7.027094e-006
6.010000e-001,-2.327317e-006
6.020000e-001,1.378621e-005
6.030000e-001,2.036763e-006
6.040000e-001,-1.407676e-005
6.050000e-001,-9.041290e-006
6.060000e-001,4.722351e-006
6.070000e-001,1.244342e-005
6.080000e-001,-4.677207e-006
6.090000e-001,-7.027094e-006
6.100000e-001,-1.575526e-005
6.110000e-001,-2.851180e-005
6.120000e-001,-2.314063e-005
6.130000e-001,-3.958985e-005
6.140000e-001,-7.698490e-006
6.150000e-001,3.862790e-005
6.160000e-001,7.421194e-005
6.170000e-001,9.703943e-005
6.180000e-001,5.876981e-005
6.190000e-001,1.244342e-005
6.200000e-001,-1.776945e-005
6.210000e-001,-2.179783e-005
6.220000e-001,-1.776945e-005
6.230000e-001,-1.642666e-005
6.240000e-001,2.257025e-008
6.250000e-001,6.736540e-006
6.260000e-001,-1.978364e-005
6.270000e-001,-3.421867e-005
6.280000e-001,-4.193974e-005
6.290000e-001,-3.522577e-005
6.300000e-001,-2.582621e-005
6.310000e-001,-3.670113e-006
6.320000e-001,6.400842e-006
6.330000e-001,-1.273397e-005
6.340000e-001,-1.655920e-006
6.350000e-001,2.385716e-005
6.360000e-001,2.083588e-005
6.370000e-001,4.386653e-006
6.380000e-001,-7.027094e-006
6.390000e-001,-8.369887e-006
6.400000e-001,3.379555e-006
6.410000e-001,-2.998713e-006
6.420000e-001,-3.334415e-006
6.430000e-001,-3.131279e-007
6.440000e-001,6.400842e-006
6.450000e-001,3.157823e-005
6.460000e-001,3.527091e-005
6.470000e-001,2.855694e-005
6.480000e-001,2.050018e-005
6.490000e-001,-4.677207e-006
6.500000e-001,-2.179783e-005
6.510000e-001,-1.911224e-005
6.520000e-001,-1.004838e-005
6.530000e-001,-7.698490e-006
6.540000e-001,-4.677207e-006
6.550000e-001,-1.441246e-005
6.560000e-001,-1.642666e-005
6.570000e-001,1.029668e-006
6.580000e-001,1.445761e-005
6.590000e-001,3.379555e-006
6.600000e-001,-1.991619e-006
6.610000e-001,1.042922e-005
6.620000e-001,1.143632e-005
6.630000e-001,-5.684302e-006
6.640000e-001,-1.038408e-005
6.650000e-001,-7.698490e-006
6.660000e-001,-6.355698e-006
6.670000e-001,-1.139118e-005
6.680000e-001,-5.012905e-006
6.690000e-001,-4.341509e-006
6.700000e-001,-7.027094e-006
6.710000e-001,-1.575526e-005
6.720000e-001,-1.340537e-005
6.730000e-001,1.781459e-005
6.740000e-001,3.191393e-005
6.750000e-001,-7.362792e-006
6.760000e-001,2.372461e-006
6.770000e-001,3.929929e-005
6.780000e-001,3.560661e-005
6.790000e-001,2.721415e-005
6.800000e-001,2.117158e-005
6.810000e-001,-1.105548e-005
6.820000e-001,-1.776945e-005
6.830000e-001,-1.374106e-005
6.840000e-001,-1.139118e-005
6.850000e-001,-4.341509e-006
6.860000e-001,-7.027094e-006
6.870000e-001,-1.105548e-005
6.880000e-001,-9.712687e-006
6.890000e-001,-1.105548e-005
6.900000e-001,-7.362792e-006
6.910000e-001,-1.105548e-005
6.920000e-001,-2.314063e-005
6.930000e-001,-2.951889e-005
6.940000e-001,-7.698490e-006
6.950000e-001,2.452856e-005
6.960000e-001,2.217867e-005
6.970000e-001,2.117158e-005
6.980000e-001,2.217867e-005
6.990000e-001,8.415034e-006
7.000000e-001,-7.698490e-006
7.010000e-001,-9.041290e-006
7.020000e-001,5.729446e-006
7.030000e-001,2.419286e-005
7.040000e-001,3.527091e-005
7.050000e-001,2.318577e-005
7.060000e-001,2.257025e-008
7.070000e-001,-2.716900e-005
7.080000e-001,-5.100360e-005
7.090000e-001,-5.436058e-005
7.100000e-001,-4.093264e-005
7.110000e-001,-8.034189e-006
7.120000e-001,5.729446e-006
7.130000e-001,1.210772e-005
7.140000e-001,3.191393e-005
7.150000e-001,3.325672e-005
7.160000e-001,3.728510e-005
7.170000e-001,1.143632e-005
7.180000e-001,-1.273397e-005
7.190000e-001,-1.441246e-005
7.200000e-001,-1.508386e-005
7.210000e-001,-8.705592e-006
7.220000e-001,3.043857e-006
7.230000e-001,7.072242e-006
7.240000e-001,8.079336e-006
7.250000e-001,6.939702e-007
7.260000e-001,-8.034189e-006
7.270000e-001,-1.038408e-005
7.280000e-001,-1.374106e-005
7.290000e-001,-1.038408e-005
7.300000e-001,-4.341509e-006
7.310000e-001,1.613610e-005
7.320000e-001,1.781459e-005
7.330000e-001,7.743638e-006
7.340000e-001,-8.705592e-006
7.350000e-001,-2.750470e-005
7.360000e-001,-2.582621e-005
7.370000e-001,-4.341509e-006
7.380000e-001,1.042922e-005
7.390000e-001,2.117158e-005
7.400000e-001,2.922834e-005
7.410000e-001,1.378621e-005
7.420000e-001,-2.582621e-005
7.430000e-001,-5.872466e-005
7.440000e-001,-2.851180e-005
7.450000e-001,1.311481e-005
7.460000e-001,4.131349e-005
7.470000e-001,6.011260e-005
7.480000e-001,4.937025e-005
7.490000e-001,1.029668e-006
7.500000e-001,-1.105548e-005
7.510000e-001,-1.655920e-006
7.520000e-001,2.257025e-008
7.530000e-001,6.939702e-007
7.540000e-001,1.647180e-005
7.550000e-001,1.029668e-006
7.560000e-001,-1.374106e-005
7.570000e-001,-1.709805e-005
7.580000e-001,-2.414772e-005
7.590000e-001,-2.112643e-005
7.600000e-001,-1.508386e-005
7.610000e-001,-1.206257e-005
7.620000e-001,-8.369887e-006
7.630000e-001,1.029668e-006
7.640000e-001,-3.670113e-006
7.650000e-001,-1.676235e-005
7.660000e-001,-1.340537e-005
7.670000e-001,7.072242e-006
7.680000e-001,2.050018e-005
7.690000e-001,9.086431e-006
7.700000e-001,-1.991619e-006
7.710000e-001,3.379555e-006
7.720000e-001,2.318577e-005
7.730000e-001,4.702036e-005
7.740000e-001,2.587136e-005
7.750000e-001,2.372461e-006
7.760000e-001,-1.676235e-005
7.770000e-001,-2.246922e-005
7.780000e-001,-1.944794e-005
7.790000e-001,-1.575526e-005
7.800000e-001,-2.011934e-005
7.810000e-001,-3.455437e-005
7.820000e-001,-3.556146e-005
7.830000e-001,-2.683331e-005
7.840000e-001,-4.341509e-006
7.850000e-001,1.445761e-005
7.860000e-001,3.728510e-005
7.870000e-001,3.325672e-005
7.880000e-001,1.982878e-005
7.890000e-001,1.848599e-005
7.900000e-001,1.512900e-005
7.910000e-001,3.582720e-007
7.920000e-001,-4.341509e-006
7.930000e-001,-4.677207e-006
7.940000e-001,2.372461e-006
7.950000e-001,2.372461e-006
7.960000e-001,-2.327317e-006
7.970000e-001,-3.131279e-007
7.980000e-001,-6.691396e-006
7.990000e-001,-1.306967e-005
8.000000e-001,-9.712687e-006
8.010000e-001,3.043857e-006
8.020000e-001,3.379555e-006
8.030000e-001,-4.677207e-006
8.040000e-001,-7.027094e-006
8.050000e-001,-8.034189e-006
8.060000e-001,-2.998713e-006
8.070000e-001,8.750733e-006
8.080000e-001,2.587136e-005
8.090000e-001,3.694940e-005
8.100000e-001,2.251437e-005
8.110000e-001,8.750733e-006
8.120000e-001,-7.362792e-006
8.130000e-001,-4.341509e-006
8.140000e-001,-3.670113e-006
8.150000e-001,-7.027094e-006
8.160000e-001,-9.712687e-006
8.170000e-001,-1.844085e-005
8.180000e-001,-5.570337e-005
8.190000e-001,-3.589716e-005
8.200000e-001,2.016448e-005
8.210000e-001,5.675562e-005
8.220000e-001,5.608422e-005
8.230000e-001,3.057113e-005
8.240000e-001,7.743638e-006
8.250000e-001,-1.374106e-005
8.260000e-001,-2.112643e-005
8.270000e-001,-2.616191e-005
8.280000e-001,-2.750470e-005
8.290000e-001,-1.709805e-005
8.300000e-001,-5.012905e-006
8.310000e-001,-5.012905e-006
8.320000e-001,-5.684302e-006
8.330000e-001,2.184297e-005
8.340000e-001,3.963499e-005
8.350000e-001,2.251437e-005
8.360000e-001,-3.131279e-007
8.370000e-001,-1.508386e-005
8.380000e-001,-1.172688e-005
8.390000e-001,5.729446e-006
8.400000e-001,1.714319e-005
8.410000e-001,8.415034e-006
8.420000e-001,-1.038408e-005
8.430000e-001,-1.709805e-005
8.440000e-001,-1.776945e-005
8.450000e-001,-8.369887e-006
8.460000e-001,-6.020000e-006
8.470000e-001,-2.515482e-005
8.480000e-001,-1.239827e-005
8.490000e-001,-9.041290e-006
8.500000e-001,-6.020000e-006
8.510000e-001,1.076493e-005
8.520000e-001,3.057113e-005
8.530000e-001,4.164918e-005
8.540000e-001,2.251437e-005
8.550000e-001,-1.844085e-005
8.560000e-001,-5.167500e-005
8.570000e-001,-5.033220e-005
8.580000e-001,-1.306967e-005
8.590000e-001,3.392812e-005
8.600000e-001,1.445761e-005
8.610000e-001,-6.355698e-006
8.620000e-001,9.757827e-006
8.630000e-001,1.042922e-005
8.640000e-001,7.407940e-006
8.650000e-001,1.882169e-005
8.660000e-001,9.757827e-006
8.670000e-001,4.722351e-006
8.680000e-001,-5.684302e-006
8.690000e-001,-1.239827e-005
8.700000e-001,-1.071978e-005
8.710000e-001,-1.374106e-005
8.720000e-001,-8.705592e-006
8.730000e-001,-2.998713e-006
8.740000e-001,-1.655920e-006
8.750000e-001,-7.362792e-006
8.760000e-001,-9.712687e-006
8.770000e-001,7.743638e-006
8.780000e-001,1.277911e-005
8.790000e-001,9.757827e-006
8.800000e-001,3.379555e-006
8.810000e-001,1.580040e-005
8.820000e-001,1.277911e-005
8.830000e-001,3.582720e-007
8.840000e-001,-2.998713e-006
8.850000e-001,-3.334415e-006
8.860000e-001,-7.027094e-006
8.870000e-001,-1.374106e-005
8.880000e-001,-1.575526e-005
8.890000e-001,-6.020000e-006
8.900000e-001,1.701065e-006
8.910000e-001,2.754985e-005
8.920000e-001,1.445761e-005
8.930000e-001,-2.414772e-005
8.940000e-001,6.939702e-007
8.950000e-001,3.224963e-005
8.960000e-001,4.399907e-005
8.970000e-001,3.392812e-005
8.980000e-001,1.714319e-005
8.990000e-001,-5.012905e-006
9.000000e-001,-1.407676e-005
9.010000e-001,3.582720e-007
9.020000e-001,2.257025e-008
9.030000e-001,-9.845241e-007
9.040000e-001,-1.320222e-006
9.050000e-001,-5.684302e-006
9.060000e-001,5.729446e-006
9.070000e-001,1.445761e-005
9.080000e-001,5.729446e-006
9.090000e-001,-1.105548e-005
9.100000e-001,-2.582621e-005
9.110000e-001,-3.992555e-005
9.120000e-001,-2.716900e-005
9.130000e-001,-8.369887e-006
9.140000e-001,2.036763e-006
9.150000e-001,2.036763e-006
9.160000e-001,2.372461e-006
9.170000e-001,3.379555e-006
9.180000e-001,6.939702e-007
9.190000e-001,-8.369887e-006
9.200000e-001,-1.139118e-005
9.210000e-001,-1.239827e-005
9.220000e-001,-1.407676e-005
9.230000e-001,-1.105548e-005
9.240000e-001,-1.239827e-005
9.250000e-001,-7.027094e-006
9.260000e-001,3.715257e-006
9.270000e-001,5.729446e-006
9.280000e-001,3.379555e-006
9.290000e-001,-2.998713e-006
9.300000e-001,-1.038408e-005
9.310000e-001,-9.712687e-006
9.320000e-001,7.072242e-006
9.330000e-001,5.172014e-005
9.340000e-001,4.735606e-005
9.350000e-001,4.500617e-005
9.360000e-001,4.970595e-005
9.370000e-001,5.729446e-006
9.380000e-001,-2.045503e-005
9.390000e-001,-3.119739e-005
9.400000e-001,-5.684302e-006
9.410000e-001,-4.341509e-006
9.420000e-001,-1.172688e-005
9.430000e-001,-6.355698e-006
9.440000e-001,-9.712687e-006
9.450000e-001,-9.712687e-006
9.460000e-001,-1.508386e-005
9.470000e-001,-1.374106e-005
9.480000e-001,-1.776945e-005
9.490000e-001,-1.407676e-005
9.500000e-001,-2.327317e-006
9.510000e-001,9.757827e-006
9.520000e-001,2.452856e-005
9.530000e-001,2.251437e-005
9.540000e-001,5.058050e-006
9.550000e-001,-1.239827e-005
9.560000e-001,-7.550959e-005
9.570000e-001,-7.080980e-005
9.580000e-001,-1.004838e-005
9.590000e-001,4.332768e-005
9.600000e-001,4.836315e-005
9.610000e-001,2.251437e-005
9.620000e-001,-6.355698e-006
9.630000e-001,-5.133930e-005
9.640000e-001,-2.045503e-005
9.650000e-001,4.265628e-005
9.660000e-001,6.481238e-005
9.670000e-001,5.205584e-005
9.680000e-001,3.963499e-005
9.690000e-001,2.184297e-005
9.700000e-001,-7.027094e-006
9.710000e-001,-1.172688e-005
9.720000e-001,-7.698490e-006
9.730000e-001,3.582720e-007
9.740000e-001,-5.684302e-006
9.750000e-001,-1.508386e-005
9.760000e-001,-2.663015e-006
9.770000e-001,-9.845241e-007
9.780000e-001,-4.341509e-006
9.790000e-001,-5.684302e-006
9.800000e-001,2.372461e-006
9.810000e-001,-2.998713e-006
9.820000e-001,-1.239827e-005
9.830000e-001,-1.844085e-005
9.840000e-001,-2.347632e-005
9.850000e-001,-2.481912e-005
9.860000e-001,-2.246922e-005
9.870000e-001,-1.004838e-005
9.880000e-001,9.757827e-006
9.890000e-001,5.729446e-006
9.900000e-001,-9.845241e-007
9.910000e-001,-2.663015e-006
9.920000e-001,1.042922e-005
9.930000e-001,2.251437e-005
9.940000e-001,2.452856e-005
9.950000e-001,2.251437e-005
9.960000e-001,6.400842e-006
9.970000e-001,-2.314063e-005
9.980000e-001,-2.481912e-005
9.990000e-001,-6.488260e-007
1.000000e+000,1.244342e-005
1.001000e+000,1.982878e-005
1.002000e+000,2.587136e-005
1.003000e+000,1.143632e-005
1.004000e+000,3.043857e-006
1.005000e+000,-4.341509e-006
1.006000e+000,-1.139118e-005
1.007000e+000,-1.541955e-005
1.008000e+000,-1.139118e-005
1.009000e+000,-4.341509e-006
1.010000e+000,-4.005811e-006
1.011000e+000,2.372461e-006
1.012000e+000,6.065144e-006
1.013000e+000,1.009353e-005
1.014000e+000,8.750733e-006
1.015000e+000,3.715257e-006
1.016000e+000,-9.845241e-007
1.017000e+000,-1.038408e-005
1.018000e+000,-1.374106e-005
1.019000e+000,-2.045503e-005
1.020000e+000,-2.045503e-005
1.021000e+000,-1.609096e-005
1.022000e+000,-6.355698e-006
1.023000e+000,-1.655920e-006
1.024000e+000,-4.093264e-005
1.025000e+000,-3.522577e-005
1.026000e+000,2.721415e-005
1.027000e+000,7.824032e-005
1.028000e+000,6.414098e-005
1.029000e+000,2.654275e-005
1.030000e+000,1.029668e-006
1.031000e+000,-1.776945e-005
1.032000e+000,-4.596812e-005
1.033000e+000,-3.723996e-005
1.034000e+000,-2.884749e-005
1.035000e+000,-3.589716e-005
1.036000e+000,-4.341509e-006
1.037000e+000,2.721415e-005
1.038000e+000,5.407003e-005
1.039000e+000,5.172014e-005
1.040000e+000,2.956404e-005
1.041000e+000,-1.655920e-006
1.042000e+000,-1.038408e-005
1.043000e+000,-8.369887e-006
1.044000e+000,-9.712687e-006
1.045000e+000,-1.944794e-005
1.046000e+000,-1.541955e-005
1.047000e+000,-2.998713e-006
1.048000e+000,-1.991619e-006
1.049000e+000,8.415034e-006
1.050000e+000,1.177202e-005
1.051000e+000,6.939702e-007
1.052000e+000,-7.698490e-006
1.053000e+000,-1.374106e-005
1.054000e+000,-5.684302e-006
1.055000e+000,6.939702e-007
1.056000e+000,6.400842e-006
1.057000e+000,1.042922e-005
1.058000e+000,2.083588e-005
1.059000e+000,7.072242e-006
1.060000e+000,2.036763e-006
1.061000e+000,1.701065e-006
1.062000e+000,-5.684302e-006
1.063000e+000,-2.045503e-005
1.064000e+000,-1.776945e-005
1.065000e+000,3.582720e-007
1.066000e+000,6.400842e-006
1.067000e+000,1.009353e-005
1.068000e+000,4.386653e-006
1.069000e+000,-2.327317e-006
1.070000e+000,-7.027094e-006
1.071000e+000,-3.131279e-007
1.072000e+000,5.729446e-006
1.073000e+000,5.729446e-006
1.074000e+000,-1.655920e-006
1.075000e+000,4.386653e-006
1.076000e+000,3.043857e-006
1.077000e+000,-1.239827e-005
1.078000e+000,-9.041290e-006
1.079000e+000,-1.105548e-005
1.080000e+000,-4.341509e-006
1.081000e+000,1.647180e-005
1.082000e+000,3.258533e-005
1.083000e+000,2.385716e-005
1.084000e+000,5.393748e-006
1.085000e+000,-9.712687e-006
1.086000e+000,-2.448342e-005
1.087000e+000,-3.186879e-005
1.088000e+000,-2.414772e-005
1.089000e+000,-3.131279e-007
1.090000e+000,7.072242e-006
1.091000e+000,-2.998713e-006
1.092000e+000,-1.776945e-005
1.093000e+000,-2.045503e-005
1.094000e+000,2.372461e-006
1.095000e+000,3.661371e-005
1.096000e+000,5.306293e-005
1.097000e+000,4.265628e-005
1.098000e+000,8.415034e-006
1.099000e+000,-2.314063e-005
1.100000e+000,-2.381202e-005
1.101000e+000,-7.027094e-006
1.102000e+000,6.939702e-007
1.103000e+000,1.848599e-005
1.104000e+000,3.057113e-005
1.105000e+000,1.848599e-005
1.106000e+000,4.386653e-006
1.107000e+000,-7.362792e-006
1.108000e+000,-1.508386e-005
1.109000e+000,-2.314063e-005
1.110000e+000,-9.041290e-006
1.111000e+000,5.393748e-006
1.112000e+000,-1.655920e-006
1.113000e+000,-1.541955e-005
1.114000e+000,-6.355698e-006
1.115000e+000,-2.998713e-006
1.116000e+000,-2.998713e-006
1.117000e+000,-6.488260e-007
1.118000e+000,9.086431e-006
1.119000e+000,-5.012905e-006
1.120000e+000,-7.027094e-006
1.121000e+000,-6.355698e-006
1.122000e+000,-1.508386e-005
1.123000e+000,-1.508386e-005
1.124000e+000,-7.027094e-006
1.125000e+000,3.715257e-006
1.126000e+000,1.029668e-006
1.127000e+000,5.393748e-006
1.128000e+000,1.445761e-005
1.129000e+000,1.378621e-005
1.130000e+000,-5.684302e-006
1.131000e+000,-1.340537e-005
1.132000e+000,-1.306967e-005
1.133000e+000,-6.355698e-006
1.134000e+000,3.043857e-006
1.135000e+000,-4.341509e-006
1.136000e+000,2.372461e-006
1.137000e+000,3.582720e-007
1.138000e+000,-5.684302e-006
1.139000e+000,-9.041290e-006
1.140000e+000,-5.684302e-006
1.141000e+000,1.110062e-005
1.142000e+000,1.546470e-005
1.143000e+000,8.415034e-006
1.144000e+000,2.372461e-006
1.145000e+000,-3.334415e-006
1.146000e+000,3.043857e-006
1.147000e+000,1.110062e-005
1.148000e+000,3.582720e-007
1.149000e+000,-2.716900e-005
1.150000e+000,-6.711713e-005
1.151000e+000,-2.750470e-005
1.152000e+000,2.519996e-005
1.153000e+000,3.862790e-005
1.154000e+000,3.325672e-005
1.155000e+000,3.929929e-005
1.156000e+000,5.742701e-005
1.157000e+000,4.332768e-005
1.158000e+000,3.997069e-005
1.159000e+000,2.184297e-005
1.160000e+000,-2.998713e-006
1.161000e+000,-4.663952e-005
1.162000e+000,-5.872466e-005
1.163000e+000,-4.462533e-005
1.164000e+000,-3.186879e-005
1.165000e+000,-1.776945e-005
1.166000e+000,-1.655920e-006
1.167000e+000,3.582720e-007
1.168000e+000,7.072242e-006
1.169000e+000,3.043857e-006
1.170000e+000,6.065144e-006
1.171000e+000,-2.998713e-006
1.172000e+000,-7.027094e-006
1.173000e+000,-6.488260e-007
1.174000e+000,-2.998713e-006
1.175000e+000,1.378621e-005
1.176000e+000,2.452856e-005
1.177000e+000,2.352146e-005
1.178000e+000,7.407940e-006
1.179000e+000,-1.306967e-005
1.180000e+000,-1.407676e-005
1.181000e+000,-8.034189e-006
1.182000e+000,-7.027094e-006
1.183000e+000,1.029668e-006
1.184000e+000,1.848599e-005
1.185000e+000,5.393748e-006
1.186000e+000,-1.374106e-005
1.187000e+000,-1.239827e-005
1.188000e+000,-1.844085e-005
1.189000e+000,-2.649761e-005
1.190000e+000,-7.362792e-006
1.191000e+000,2.452856e-005
1.192000e+000,3.728510e-005
1.193000e+000,2.083588e-005
1.194000e+000,1.029668e-006
1.195000e+000,-5.012905e-006
1.196000e+000,-2.998713e-006
1.197000e+000,-1.105548e-005
1.198000e+000,-1.844085e-005
1.199000e+000,-7.362792e-006
1.200000e+000,1.177202e-005
1.201000e+000,7.407940e-006
1.202000e+000,-8.369887e-006
1.203000e+000,-1.239827e-005
1.204000e+000,1.110062e-005
1.205000e+000,-4.328253e-005
1.206000e+000,-6.275304e-005
1.207000e+000,-1.508386e-005
1.208000e+000,5.709131e-005
1.209000e+000,8.629708e-005
1.210000e+000,5.541282e-005
1.211000e+000,5.407003e-005
1.212000e+000,-3.131279e-007
1.213000e+000,-2.213352e-005
1.214000e+000,-7.027094e-006
1.215000e+000,-1.655920e-006
1.216000e+000,-5.684302e-006
1.217000e+000,-1.139118e-005
1.218000e+000,-2.280493e-005
1.219000e+000,-2.750470e-005
1.220000e+000,-2.750470e-005
1.221000e+000,-1.541955e-005
1.222000e+000,-1.139118e-005
1.223000e+000,-9.041290e-006
1.224000e+000,4.386653e-006
1.225000e+000,1.029668e-006
1.226000e+000,-2.327317e-006
1.227000e+000,1.029668e-006
1.228000e+000,1.177202e-005
1.229000e+000,1.110062e-005
1.230000e+000,-3.670113e-006
1.231000e+000,1.029668e-006
1.232000e+000,1.412191e-005
1.233000e+000,1.781459e-005
1.234000e+000,3.043857e-006
1.235000e+000,-2.998713e-006
1.236000e+000,5.058050e-006
1.237000e+000,6.736540e-006
1.238000e+000,2.372461e-006
1.239000e+000,2.372461e-006
1.240000e+000,-1.991619e-006
1.241000e+000,1.029668e-006
1.242000e+000,2.708159e-006
1.243000e+000,1.029668e-006
1.244000e+000,5.393748e-006
1.245000e+000,6.939702e-007
1.246000e+000,-1.776945e-005
1.247000e+000,-2.381202e-005
1.248000e+000,-2.784040e-005
1.249000e+000,-2.616191e-005
1.250000e+000,-1.441246e-005
1.251000e+000,-3.421867e-005
1.252000e+000,-9.712687e-006
1.253000e+000,6.548378e-005
1.254000e+000,6.749797e-005
1.255000e+000,6.615517e-005
1.256000e+000,4.903455e-005
1.257000e+000,9.086431e-006
1.258000e+000,-4.126834e-005
1.259000e+000,-3.992555e-005
1.260000e+000,-3.670113e-006
1.261000e+000,-2.327317e-006
1.262000e+000,-2.045503e-005
1.263000e+000,-1.273397e-005
1.264000e+000,-6.488260e-007
1.265000e+000,-2.327317e-006
1.266000e+000,-2.750470e-005
1.267000e+000,-2.515482e-005
1.268000e+000,3.582720e-007
1.269000e+000,6.939702e-007
1.270000e+000,6.939702e-007
1.271000e+000,8.079336e-006
1.272000e+000,1.042922e-005
1.273000e+000,1.949308e-005
1.274000e+000,1.110062e-005
1.275000e+000,1.177202e-005
1.276000e+000,6.736540e-006
1.277000e+000,-2.079073e-005
1.278000e+000,-1.642666e-005
1.279000e+000,6.939702e-007
1.280000e+000,1.512900e-005
1.281000e+000,1.378621e-005
1.282000e+000,-1.655920e-006
1.283000e+000,-1.038408e-005
1.284000e+000,-1.911224e-005
1.285000e+000,-1.441246e-005
1.286000e+000,-3.334415e-006
1.287000e+000,-2.998713e-006
1.288000e+000,-1.105548e-005
1.289000e+000,-1.676235e-005
1.290000e+000,-2.045503e-005
1.291000e+000,-2.448342e-005
1.292000e+000,2.036763e-006
1.293000e+000,1.848599e-005
1.294000e+000,-2.213352e-005
1.295000e+000,-2.213352e-005
1.296000e+000,3.762080e-005
1.297000e+000,7.824032e-005
1.298000e+000,8.059021e-005
1.299000e+000,3.594231e-005
1.300000e+000,1.781459e-005
1.301000e+000,-8.369887e-006
1.302000e+000,-2.314063e-005
1.303000e+000,-4.059694e-005
1.304000e+000,-3.421867e-005
1.305000e+000,-1.541955e-005
1.306000e+000,5.058050e-006
1.307000e+000,1.210772e-005
1.308000e+000,1.580040e-005
1.309000e+000,1.982878e-005
1.310000e+000,-1.105548e-005
1.311000e+000,-2.851180e-005
1.312000e+000,-9.712687e-006
1.313000e+000,1.848599e-005
1.314000e+000,-4.341509e-006
1.315000e+000,-2.716900e-005
1.316000e+000,-1.609096e-005
1.317000e+000,3.379555e-006
1.318000e+000,2.050018e-005
1.319000e+000,3.191393e-005
1.320000e+000,3.325672e-005
1.321000e+000,1.277911e-005
1.322000e+000,-2.998713e-006
1.323000e+000,-1.676235e-005
1.324000e+000,-2.663015e-006
1.325000e+000,2.486426e-005
1.326000e+000,1.378621e-005
1.327000e+000,-1.709805e-005
1.328000e+000,-3.858275e-005
1.329000e+000,-5.503198e-005
1.330000e+000,-4.731091e-005
1.331000e+000,-4.093264e-005
1.332000e+000,-1.407676e-005
1.333000e+000,3.715257e-006
1.334000e+000,2.251437e-005
1.335000e+000,2.587136e-005
1.336000e+000,1.781459e-005
1.337000e+000,2.251437e-005
1.338000e+000,1.781459e-005
1.339000e+000,4.722351e-006
1.340000e+000,1.580040e-005
1.341000e+000,1.042922e-005
1.342000e+000,5.729446e-006
1.343000e+000,6.065144e-006
1.344000e+000,5.058050e-006
1.345000e+000,7.072242e-006
1.346000e+000,-4.341509e-006
1.347000e+000,-6.020000e-006
1.348000e+000,-9.712687e-006
1.349000e+000,-4.663952e-005
1.350000e+000,-4.126834e-005
1.351000e+000,-4.341509e-006
1.352000e+000,1.546470e-005
1.353000e+000,3.527091e-005
1.354000e+000,3.963499e-005
1.355000e+000,3.090683e-005
1.356000e+000,-8.369887e-006
1.357000e+000,-2.079073e-005
1.358000e+000,-1.038408e-005
1.359000e+000,-8.369887e-006
1.360000e+000,-5.684302e-006
1.361000e+000,2.385716e-005
1.362000e+000,3.560661e-005
1.363000e+000,1.580040e-005
1.364000e+000,-6.488260e-007
1.365000e+000,-1.172688e-005
1.366000e+000,-9.712687e-006
1.367000e+000,-1.071978e-005
1.368000e+000,-1.340537e-005
1.369000e+000,-1.239827e-005
1.370000e+000,-9.712687e-006
1.371000e+000,-2.327317e-006
1.372000e+000,-5.012905e-006
1.373000e+000,-1.038408e-005
1.374000e+000,-7.698490e-006
1.375000e+000,3.715257e-006
1.376000e+000,-3.131279e-007
1.377000e+000,-1.038408e-005
1.378000e+000,-5.684302e-006
1.379000e+000,-1.655920e-006
1.380000e+000,-4.341509e-006
1.381000e+000,-1.320222e-006
1.382000e+000,1.029668e-006
1.383000e+000,5.393748e-006
1.384000e+000,3.379555e-006
1.385000e+000,2.150728e-005
1.386000e+000,2.989974e-005
1.387000e+000,7.072242e-006
1.388000e+000,-7.027094e-006
1.389000e+000,-2.112643e-005
1.390000e+000,-1.273397e-005
1.391000e+000,1.177202e-005
1.392000e+000,3.379555e-006
1.393000e+000,-8.705592e-006
1.394000e+000,-2.998713e-006
1.395000e+000,-4.677207e-006
1.396000e+000,4.722351e-006
1.397000e+000,1.177202e-005
1.398000e+000,3.043857e-006
1.399000e+000,-9.845241e-007
1.400000e+000,-1.709805e-005
1.401000e+000,-1.172688e-005
1.402000e+000,-5.348604e-006
1.403000e+000,-1.991619e-006
1.404000e+000,-4.341509e-006
1.405000e+000,4.722351e-006
1.406000e+000,2.217867e-005
1.407000e+000,3.929929e-005
1.408000e+000,2.788555e-005
1.409000e+000,-2.582621e-005
1.410000e+000,-1.000156e-004
1.411000e+000,-6.644573e-005
1.412000e+000,1.009353e-005
1.413000e+000,6.279819e-005
1.414000e+000,7.354054e-005
1.415000e+000,6.212679e-005
1.416000e+000,3.862790e-005
1.417000e+000,6.939702e-007
1.418000e+000,3.043857e-006
1.419000e+000,5.058050e-006
1.420000e+000,3.582720e-007
1.421000e+000,-1.239827e-005
1.422000e+000,-2.884749e-005
1.423000e+000,-2.515482e-005
1.424000e+000,-1.374106e-005
1.425000e+000,-1.911224e-005
1.426000e+000,-2.381202e-005
1.427000e+000,-2.414772e-005
1.428000e+000,-1.709805e-005
1.429000e+000,5.393748e-006
1.430000e+000,3.715257e-006
1.431000e+000,-1.642666e-005
1.432000e+000,-2.179783e-005
1.433000e+000,-8.369887e-006
1.434000e+000,2.318577e-005
1.435000e+000,2.922834e-005
1.436000e+000,3.627801e-005
1.437000e+000,3.661371e-005
1.438000e+000,2.050018e-005
1.439000e+000,1.042922e-005
1.440000e+000,2.083588e-005
1.441000e+000,1.848599e-005
1.442000e+000,-9.845241e-007
1.443000e+000,-2.481912e-005
1.444000e+000,-3.824706e-005
1.445000e+000,-3.824706e-005
1.446000e+000,-1.743375e-005
1.447000e+000,-9.041290e-006
1.448000e+000,-1.340537e-005
1.449000e+000,-2.045503e-005
1.450000e+000,-1.038408e-005
1.451000e+000,-1.991619e-006
1.452000e+000,-3.670113e-006
1.453000e+000,-1.038408e-005
1.454000e+000,-5.684302e-006
1.455000e+000,-5.012905e-006
1.456000e+000,1.546470e-005
1.457000e+000,4.399907e-005
1.458000e+000,3.896360e-005
1.459000e+000,2.620705e-005
1.460000e+000,1.042922e-005
1.461000e+000,-3.670113e-006
1.462000e+000,-2.998713e-006
1.463000e+000,-2.663015e-006
1.464000e+000,3.715257e-006
1.465000e+000,-1.991619e-006
1.466000e+000,-1.038408e-005
1.467000e+000,-1.776945e-005
1.468000e+000,-1.273397e-005
1.469000e+000,-3.131279e-007
1.470000e+000,4.386653e-006
1.471000e+000,1.445761e-005
1.472000e+000,-2.246922e-005
1.473000e+000,-4.529672e-005
1.474000e+000,-2.079073e-005
1.475000e+000,1.076493e-005
1.476000e+000,1.714319e-005
1.477000e+000,1.009353e-005
1.478000e+000,2.352146e-005
1.479000e+000,2.036763e-006
1.480000e+000,6.065144e-006
1.481000e+000,9.757827e-006
1.482000e+000,5.729446e-006
1.483000e+000,8.079336e-006
1.484000e+000,3.582720e-007
1.485000e+000,-2.663015e-006
1.486000e+000,-1.991619e-006
1.487000e+000,-9.845241e-007
1.488000e+000,4.386653e-006
1.489000e+000,1.029668e-006
1.490000e+000,3.715257e-006
1.491000e+000,-2.998713e-006
1.492000e+000,-2.327317e-006
1.493000e+000,3.379555e-006
1.494000e+000,1.815029e-005
1.495000e+000,7.407940e-006
1.496000e+000,-1.441246e-005
1.497000e+000,-1.541955e-005
1.498000e+000,-1.441246e-005
1.499000e+000,-2.414772e-005
1.500000e+000,-7.027094e-006
1.501000e+000,3.057113e-005
1.502000e+000,-6.355698e-006
1.503000e+000,-3.153309e-005
1.504000e+000,-2.851180e-005
1.505000e+000,-3.131279e-007
1.506000e+000,1.029668e-006
1.507000e+000,2.036763e-006
1.508000e+000,4.601326e-005
1.509000e+000,3.057113e-005
1.510000e+000,3.392812e-005
1.511000e+000,3.997069e-005
1.512000e+000,2.553566e-005
1.513000e+000,-1.655920e-006
1.514000e+000,-1.642666e-005
1.515000e+000,-7.027094e-006
1.516000e+000,-3.131279e-007
1.517000e+000,-7.027094e-006
1.518000e+000,-1.844085e-005
1.519000e+000,-2.045503e-005
1.520000e+000,-2.381202e-005
1.521000e+000,-3.052599e-005
1.522000e+000,-2.616191e-005
1.523000e+000,-5.684302e-006
1.524000e+000,-1.071978e-005
1.525000e+000,-4.261113e-005
1.526000e+000,-1.911224e-005
1.527000e+000,2.318577e-005
1.528000e+000,5.407003e-005
1.529000e+000,4.500617e-005
1.530000e+000,3.459952e-005
1.531000e+000,2.036763e-006
1.532000e+000,-1.709805e-005
1.533000e+000,1.029668e-006
1.534000e+000,3.043857e-006
1.535000e+000,1.701065e-006
1.536000e+000,-3.131279e-007
1.537000e+000,1.029668e-006
1.538000e+000,-7.698490e-006
1.539000e+000,4.386653e-006
1.540000e+000,5.058050e-006
1.541000e+000,-2.327317e-006
1.542000e+000,-1.273397e-005
1.543000e+000,-1.004838e-005
1.544000e+000,-9.041290e-006
1.545000e+000,-2.998713e-006
1.546000e+000,-2.327317e-006
1.547000e+000,1.747889e-005
1.548000e+000,2.654275e-005
1.549000e+000,-5.348604e-006
1.550000e+000,-1.139118e-005
1.551000e+000,-1.038408e-005
1.552000e+000,1.915739e-005
1.553000e+000,2.050018e-005
1.554000e+000,-2.649761e-005
1.555000e+000,-4.462533e-005
1.556000e+000,-3.220448e-005
1.557000e+000,-1.374106e-005
1.558000e+000,-1.038408e-005
1.559000e+000,6.065144e-006
1.560000e+000,2.419286e-005
1.561000e+000,1.982878e-005
1.562000e+000,1.647180e-005
1.563000e+000,7.743638e-006
1.564000e+000,-2.663015e-006
1.565000e+000,2.372461e-006
1.566000e+000,3.582720e-007
1.567000e+000,-1.038408e-005
1.568000e+000,-1.172688e-005
1.569000e+000,-1.239827e-005
1.570000e+000,-4.341509e-006
1.571000e+000,9.086431e-006
1.572000e+000,8.415034e-006
1.573000e+000,-1.139118e-005
1.574000e+000,-1.407676e-005
1.575000e+000,-1.071978e-005
1.576000e+000,3.715257e-006
1.577000e+000,1.445761e-005
1.578000e+000,2.117158e-005
1.579000e+000,4.467047e-005
1.580000e+000,5.205584e-005
1.581000e+000,2.117158e-005
1.582000e+000,-3.992555e-005
1.583000e+000,-3.421867e-005
1.584000e+000,4.050955e-006
1.585000e+000,3.594231e-005
1.586000e+000,3.057113e-005
1.587000e+000,3.043857e-006
1.588000e+000,-9.041290e-006
1.589000e+000,-2.179783e-005
1.590000e+000,-1.105548e-005
1.591000e+000,-3.670113e-006
1.592000e+000,3.715257e-006
1.593000e+000,9.086431e-006
1.594000e+000,5.393748e-006
1.595000e+000,2.372461e-006
1.596000e+000,-7.027094e-006
1.597000e+000,-1.071978e-005
1.598000e+000,-6.020000e-006
1.599000e+000,-1.038408e-005
1.600000e+000,-3.670113e-006
1.601000e+000,-1.172688e-005
1.602000e+000,-2.515482e-005
1.603000e+000,-1.642666e-005
1.604000e+000,-1.004838e-005
1.605000e+000,1.029668e-006
1.606000e+000,1.546470e-005
1.607000e+000,2.036763e-006
1.608000e+000,-1.991619e-006
1.609000e+000,1.311481e-005
1.610000e+000,2.217867e-005
1.611000e+000,2.708159e-006
1.612000e+000,-9.712687e-006
1.613000e+000,-1.776945e-005
1.614000e+000,-3.670113e-006
1.615000e+000,1.029668e-006
1.616000e+000,9.086431e-006
1.617000e+000,8.079336e-006
1.618000e+000,1.311481e-005
1.619000e+000,2.519996e-005
1.620000e+000,7.407940e-006
1.621000e+000,-3.791136e-005
1.622000e+000,-3.791136e-005
1.623000e+000,-2.582621e-005
1.624000e+000,-1.776945e-005
1.625000e+000,3.715257e-006
1.626000e+000,1.445761e-005
1.627000e+000,1.982878e-005
1.628000e+000,-2.998713e-006
1.629000e+000,-9.712687e-006
1.630000e+000,7.743638e-006
1.631000e+000,1.378621e-005
1.632000e+000,3.379555e-006
1.633000e+000,-1.306967e-005
1.634000e+000,-1.655920e-006
1.635000e+000,1.580040e-005
1.636000e+000,2.452856e-005
1.637000e+000,1.982878e-005
1.638000e+000,1.580040e-005
1.639000e+000,6.065144e-006
1.640000e+000,-1.743375e-005
1.641000e+000,-1.978364e-005
1.642000e+000,-1.273397e-005
1.643000e+000,1.029668e-006
1.644000e+000,2.385716e-005
1.645000e+000,6.065144e-006
1.646000e+000,-4.865371e-005
1.647000e+000,-4.026125e-005
1.648000e+000,-9.845241e-007
1.649000e+000,2.989974e-005
1.650000e+000,3.728510e-005
1.651000e+000,1.311481e-005
1.652000e+000,6.400842e-006
1.653000e+000,1.042922e-005
1.654000e+000,1.210772e-005
1.655000e+000,1.701065e-006
1.656000e+000,-1.239827e-005
1.657000e+000,-1.508386e-005
1.658000e+000,-3.670113e-006
1.659000e+000,2.117158e-005
1.660000e+000,1.701065e-006
1.661000e+000,-1.642666e-005
1.662000e+000,-1.306967e-005
1.663000e+000,-2.146213e-005
1.664000e+000,-5.684302e-006
1.665000e+000,1.244342e-005
1.666000e+000,9.757827e-006
1.667000e+000,1.311481e-005
1.668000e+000,1.647180e-005
1.669000e+000,-1.655920e-006
1.670000e+000,-1.508386e-005
1.671000e+000,-8.369887e-006
1.672000e+000,6.400842e-006
1.673000e+000,-8.034189e-006
1.674000e+000,-2.213352e-005
1.675000e+000,-1.273397e-005
1.676000e+000,-7.362792e-006
1.677000e+000,-2.448342e-005
1.678000e+000,-6.488260e-007
1.679000e+000,1.143632e-005
1.680000e+000,2.654275e-005
1.681000e+000,3.661371e-005
1.682000e+000,-1.038408e-005
1.683000e+000,-3.119739e-005
1.684000e+000,-1.038408e-005
1.685000e+000,1.848599e-005
1.686000e+000,3.862790e-005
1.687000e+000,2.251437e-005
1.688000e+000,1.042922e-005
1.689000e+000,-4.341509e-006
1.690000e+000,-9.712687e-006
1.691000e+000,-1.071978e-005
1.692000e+000,-1.844085e-005
1.693000e+000,-1.944794e-005
1.694000e+000,-1.709805e-005
1.695000e+000,7.072242e-006
1.696000e+000,3.392812e-005
1.697000e+000,2.352146e-005
1.698000e+000,5.729446e-006
1.699000e+000,-8.369887e-006
1.700000e+000,-5.469628e-005
1.701000e+000,-6.812422e-005
1.702000e+000,-2.146213e-005
1.703000e+000,1.311481e-005
1.704000e+000,3.057113e-005
1.705000e+000,4.567757e-005
1.706000e+000,8.696848e-005
1.707000e+000,6.581947e-005
1.708000e+000,1.345051e-005
1.709000e+000,-1.340537e-005
1.710000e+000,-3.354728e-005
1.711000e+000,-3.287588e-005
1.712000e+000,-1.776945e-005
1.713000e+000,-4.341509e-006
1.714000e+000,-1.575526e-005
1.715000e+000,-7.698490e-006
1.716000e+000,-1.340537e-005
1.717000e+000,-5.684302e-006
1.718000e+000,6.065144e-006
1.719000e+000,-2.998713e-006
1.720000e+000,-1.206257e-005
1.721000e+000,-2.079073e-005
1.722000e+000,-1.239827e-005
1.723000e+000,-1.004838e-005
1.724000e+000,-1.139118e-005
1.725000e+000,-5.684302e-006
1.726000e+000,-2.663015e-006
1.727000e+000,-1.978364e-005
1.728000e+000,-2.448342e-005
1.729000e+000,-2.663015e-006
1.730000e+000,4.869885e-005
1.731000e+000,6.279819e-005
1.732000e+000,4.399907e-005
1.733000e+000,4.970595e-005
1.734000e+000,5.071304e-005
1.735000e+000,2.788555e-005
1.736000e+000,-5.684302e-006
1.737000e+000,-2.481912e-005
1.738000e+000,-1.407676e-005
1.739000e+000,-2.649761e-005
1.740000e+000,-3.254018e-005
1.741000e+000,-3.388297e-005
1.742000e+000,-2.951889e-005
1.743000e+000,-1.172688e-005
1.744000e+000,-3.670113e-006
1.745000e+000,-1.655920e-006
1.746000e+000,-2.045503e-005
1.747000e+000,-1.541955e-005
1.748000e+000,-1.374106e-005
1.749000e+000,-8.369887e-006
1.750000e+000,-8.034189e-006
1.751000e+000,-3.656856e-005
1.752000e+000,-3.489007e-005
1.753000e+000,-5.536768e-005
1.754000e+000,-5.012905e-006
1.755000e+000,7.689752e-005
1.756000e+000,1.413516e-004
1.757000e+000,1.269166e-004
1.758000e+000,5.742701e-005
1.759000e+000,-1.374106e-005
1.760000e+000,-3.455437e-005
1.761000e+000,-2.582621e-005
1.762000e+000,-2.381202e-005
1.763000e+000,-1.575526e-005
1.764000e+000,-1.374106e-005
1.765000e+000,-1.709805e-005
1.766000e+000,-1.776945e-005
1.767000e+000,-2.246922e-005
1.768000e+000,-2.918319e-005
1.769000e+000,-2.347632e-005
1.770000e+000,-1.374106e-005
1.771000e+000,6.065144e-006
1.772000e+000,1.781459e-005
1.773000e+000,1.982878e-005
1.774000e+000,1.949308e-005
1.775000e+000,1.915739e-005
1.776000e+000,1.915739e-005
1.777000e+000,9.086431e-006
1.778000e+000,3.715257e-006
1.779000e+000,-6.355698e-006
1.780000e+000,-1.239827e-005
1.781000e+000,-8.369887e-006
1.782000e+000,-1.239827e-005
1.783000e+000,6.065144e-006
1.784000e+000,9.086431e-006
1.785000e+000,-6.355698e-006
1.786000e+000,-2.045503e-005
1.787000e+000,-1.609096e-005
1.788000e+000,1.445761e-005
1.789000e+000,9.086431e-006
1.790000e+000,9.086431e-006
1.791000e+000,2.184297e-005
1.792000e+000,2.620705e-005
1.793000e+000,7.743638e-006
1.794000e+000,-7.698490e-006
1.795000e+000,-1.004838e-005
1.796000e+000,-5.684302e-006
1.797000e+000,-1.239827e-005
1.798000e+000,-1.172688e-005
1.799000e+000,1.029668e-006
1.800000e+000,-6.020000e-006
1.801000e+000,-7.698490e-006
1.802000e+000,-9.712687e-006
1.803000e+000,-1.105548e-005
1.804000e+000,-1.655920e-006
1.805000e+000,6.939702e-007
1.806000e+000,-9.041290e-006
1.807000e+000,-1.541955e-005
1.808000e+000,-5.684302e-006
1.809000e+000,3.715257e-006
1.810000e+000,5.393748e-006
1.811000e+000,8.415034e-006
1.812000e+000,1.378621e-005
1.813000e+000,2.117158e-005
1.814000e+000,1.701065e-006
1.815000e+000,-3.589716e-005
1.816000e+000,3.627801e-005
1.817000e+000,5.339863e-005
1.818000e+000,3.191393e-005
1.819000e+000,1.244342e-005
1.820000e+000,8.415034e-006
1.821000e+000,-4.005811e-006
1.822000e+000,-3.690426e-005
1.823000e+000,-5.133930e-005
1.824000e+000,-2.750470e-005
1.825000e+000,-1.776945e-005
1.826000e+000,-6.355698e-006
1.827000e+000,-1.655920e-006
1.828000e+000,1.365366e-006
1.829000e+000,1.244342e-005
1.830000e+000,-3.131279e-007
1.831000e+000,-2.327317e-006
1.832000e+000,9.422129e-006
1.833000e+000,2.486426e-005
1.834000e+000,4.386653e-006
1.835000e+000,-1.407676e-005
1.836000e+000,-1.575526e-005
1.837000e+000,1.110062e-005
1.838000e+000,1.311481e-005
1.839000e+000,-3.131279e-007
1.840000e+000,6.400842e-006
1.841000e+000,-8.369887e-006
1.842000e+000,-1.911224e-005
1.843000e+000,-7.698490e-006
1.844000e+000,1.982878e-005
1.845000e+000,1.982878e-005
1.846000e+000,-4.341509e-006
1.847000e+000,-1.642666e-005
1.848000e+000,1.177202e-005
1.849000e+000,2.922834e-005
1.850000e+000,1.949308e-005
1.851000e+000,-2.327317e-006
1.852000e+000,-8.369887e-006
1.853000e+000,-1.139118e-005
1.854000e+000,-1.340537e-005
1.855000e+000,-1.575526e-005
1.856000e+000,-1.508386e-005
1.857000e+000,-2.045503e-005
1.858000e+000,-2.448342e-005
1.859000e+000,-3.670113e-006
1.860000e+000,3.715257e-006
1.861000e+000,5.058050e-006
1.862000e+000,6.065144e-006
1.863000e+000,2.372461e-006
1.864000e+000,9.086431e-006
1.865000e+000,2.385716e-005
1.866000e+000,1.848599e-005
1.867000e+000,1.042922e-005
1.868000e+000,-2.179783e-005
1.869000e+000,-5.939606e-005
1.870000e+000,-1.273397e-005
1.871000e+000,3.795650e-005
1.872000e+000,6.548378e-005
1.873000e+000,5.541282e-005
1.874000e+000,2.889264e-005
1.875000e+000,-1.911224e-005
1.876000e+000,-4.059694e-005
1.877000e+000,-1.575526e-005
1.878000e+000,1.714319e-005
1.879000e+000,2.184297e-005
1.880000e+000,-8.705592e-006
1.881000e+000,-1.239827e-005
1.882000e+000,-1.709805e-005
1.883000e+000,-2.146213e-005
1.884000e+000,-1.911224e-005
1.885000e+000,-1.239827e-005
1.886000e+000,3.379555e-006
1.887000e+000,-7.027094e-006
1.888000e+000,-7.027094e-006
1.889000e+000,-1.655920e-006
1.890000e+000,-1.306967e-005
1.891000e+000,-1.575526e-005
1.892000e+000,-6.355698e-006
1.893000e+000,2.217867e-005
1.894000e+000,2.352146e-005
1.895000e+000,1.277911e-005
1.896000e+000,7.743638e-006
1.897000e+000,9.757827e-006
1.898000e+000,1.311481e-005
1.899000e+000,7.072242e-006
1.900000e+000,3.715257e-006
1.901000e+000,1.029668e-006
1.902000e+000,-8.369887e-006
1.903000e+000,-1.105548e-005
1.904000e+000,-1.105548e-005
1.905000e+000,3.582720e-007
1.906000e+000,1.781459e-005
1.907000e+000,2.620705e-005
1.908000e+000,1.177202e-005
1.909000e+000,6.939702e-007
1.910000e+000,-9.712687e-006
1.911000e+000,-2.347632e-005
1.912000e+000,-2.179783e-005
1.913000e+000,-1.642666e-005
1.914000e+000,-1.038408e-005
1.915000e+000,-3.131279e-007
1.916000e+000,1.915739e-005
1.917000e+000,3.258533e-005
1.918000e+000,9.757827e-006
1.919000e+000,-7.027094e-006
1.920000e+000,-6.488260e-007
1.921000e+000,8.415034e-006
1.922000e+000,1.365366e-006
1.923000e+000,-3.670113e-006
1.924000e+000,-2.045503e-005
1.925000e+000,-5.133930e-005
1.926000e+000,-7.148120e-005
1.927000e+000,-1.911224e-005
1.928000e+000,3.493521e-005
1.929000e+000,5.339863e-005
1.930000e+000,5.709131e-005
1.931000e+000,4.399907e-005
1.932000e+000,1.177202e-005
1.933000e+000,-2.179783e-005
1.934000e+000,1.029668e-006
1.935000e+000,2.184297e-005
1.936000e+000,1.378621e-005
1.937000e+000,-4.677207e-006
1.938000e+000,-2.179783e-005
1.939000e+000,-1.273397e-005
1.940000e+000,5.058050e-006
1.941000e+000,-1.609096e-005
1.942000e+000,-1.374106e-005
1.943000e+000,2.385716e-005
1.944000e+000,2.419286e-005
1.945000e+000,-7.027094e-006
1.946000e+000,-3.186879e-005
1.947000e+000,-3.388297e-005
1.948000e+000,-3.186879e-005
1.949000e+000,-2.582621e-005
1.950000e+000,-2.817610e-005
1.951000e+000,-2.448342e-005
1.952000e+000,4.386653e-006
1.953000e+000,1.714319e-005
1.954000e+000,3.043857e-006
1.955000e+000,-7.027094e-006
1.956000e+000,5.729446e-006
1.957000e+000,2.855694e-005
1.958000e+000,2.251437e-005
1.959000e+000,2.889264e-005
1.960000e+000,3.694940e-005
1.961000e+000,2.788555e-005
1.962000e+000,1.848599e-005
1.963000e+000,4.386653e-006
1.964000e+000,-2.998713e-006
1.965000e+000,-1.172688e-005
1.966000e+000,-1.239827e-005
1.967000e+000,-4.341509e-006
1.968000e+000,3.582720e-007
1.969000e+000,3.043857e-006
1.970000e+000,2.372461e-006
1.971000e+000,-1.655920e-006
1.972000e+000,-6.020000e-006
1.973000e+000,-1.004838e-005
1.974000e+000,-1.206257e-005
1.975000e+000,-1.441246e-005
1.976000e+000,-7.698490e-006
1.977000e+000,-6.355698e-006
1.978000e+000,-2.998713e-006
1.979000e+000,-3.131279e-007
1.980000e+000,-9.845241e-007
1.981000e+000,-1.655920e-006
1.982000e+000,5.058050e-006
1.983000e+000,1.848599e-005
1.984000e+000,7.743638e-006
1.985000e+000,-3.670113e-006
1.986000e+000,-5.348604e-006
1.987000e+000,5.729446e-006
1.988000e+000,4.386653e-006
1.989000e+000,-7.698490e-006
1.990000e+000,-1.306967e-005
1.991000e+000,-1.911224e-005
1.992000e+000,-1.239827e-005
1.993000e+000,-3.354728e-005
1.994000e+000,-2.716900e-005
1.995000e+000,2.855694e-005
1.996000e+000,6.279819e-005
1.997000e+000,9.233965e-005
1.998000e+000,6.514808e-005
1.999000e+000,1.143632e-005
2.000000e+000,-2.314063e-005
2.001000e+000,-4.361823e-005
2.002000e+000,-2.716900e-005
2.003000e+000,-1.239827e-005
2.004000e+000,2.036763e-006
2.005000e+000,6.400842e-006
2.006000e+000,-1.508386e-005
2.007000e+000,-1.844085e-005
2.008000e+000,-2.112643e-005
2.009000e+000,-1.776945e-005
2.010000e+000,-1.575526e-005
2.011000e+000,-1.655920e-006
2.012000e+000,-9.041290e-006
2.013000e+000,1.701065e-006
2.014000e+000,1.512900e-005
2.015000e+000,2.372461e-006
2.016000e+000,-1.105548e-005
2.017000e+000,-9.041290e-006
2.018000e+000,-3.670113e-006
2.019000e+000,7.743638e-006
2.020000e+000,2.251437e-005
2.021000e+000,1.110062e-005
2.022000e+000,-5.684302e-006
2.023000e+000,-9.845241e-007
2.024000e+000,-2.998713e-006
2.025000e+000,-1.508386e-005
2.026000e+000,-9.712687e-006
2.027000e+000,-3.670113e-006
2.028000e+000,-1.320222e-006
2.029000e+000,1.076493e-005
2.030000e+000,1.613610e-005
2.031000e+000,1.714319e-005
2.032000e+000,8.079336e-006
2.033000e+000,2.708159e-006
2.034000e+000,6.939702e-007
2.035000e+000,-6.020000e-006
2.036000e+000,-7.027094e-006
2.037000e+000,3.582720e-007
2.038000e+000,5.729446e-006
2.039000e+000,7.072242e-006
2.040000e+000,1.042922e-005
2.041000e+000,1.445761e-005
2.042000e+000,1.029668e-006
2.043000e+000,-4.341509e-006
2.044000e+000,-6.020000e-006
2.045000e+000,-7.698490e-006
2.046000e+000,-7.698490e-006
2.047000e+000,-1.441246e-005
2.048000e+000,-1.172688e-005
2.049000e+000,5.393748e-006
2.050000e+000,1.042922e-005
2.051000e+000,7.743638e-006
2.052000e+000,1.244342e-005
2.053000e+000,9.757827e-006
2.054000e+000,5.729446e-006
2.055000e+000,-6.488260e-007
2.056000e+000,-1.877654e-005
2.057000e+000,-4.630382e-005
2.058000e+000,-1.508386e-005
2.059000e+000,2.251437e-005
2.060000e+000,2.855694e-005
2.061000e+000,3.157823e-005
2.062000e+000,3.392812e-005
2.063000e+000,2.372461e-006
2.064000e+000,-3.925415e-005
2.065000e+000,-4.361823e-005
2.066000e+000,-3.388297e-005
2.067000e+000,-1.508386e-005
2.068000e+000,-9.041290e-006
2.069000e+000,1.244342e-005
2.070000e+000,4.467047e-005
2.071000e+000,6.414098e-005
2.072000e+000,4.668466e-005
2.073000e+000,7.743638e-006
2.074000e+000,-1.709805e-005
2.075000e+000,-2.481912e-005
2.076000e+000,-1.944794e-005
2.077000e+000,-5.684302e-006
2.078000e+000,-1.844085e-005
2.079000e+000,-2.381202e-005
2.080000e+000,-1.709805e-005
2.081000e+000,-1.642666e-005
2.082000e+000,3.043857e-006
2.083000e+000,7.407940e-006
2.084000e+000,1.815029e-005
2.085000e+000,1.311481e-005
2.086000e+000,3.715257e-006
2.087000e+000,1.029668e-006
2.088000e+000,-3.131279e-007
2.089000e+000,-1.991619e-006
2.090000e+000,-8.705592e-006
2.091000e+000,-9.041290e-006
2.092000e+000,-8.369887e-006
2.093000e+000,-2.327317e-006
2.094000e+000,-1.655920e-006
2.095000e+000,5.729446e-006
2.096000e+000,1.076493e-005
2.097000e+000,5.058050e-006
2.098000e+000,6.939702e-007
2.099000e+000,5.058050e-006
2.100000e+000,3.715257e-006
2.101000e+000,-9.845241e-007
2.102000e+000,3.379555e-006
2.103000e+000,-3.131279e-007
2.104000e+000,6.400842e-006
2.105000e+000,1.365366e-006
2.106000e+000,-4.677207e-006
2.107000e+000,-1.374106e-005
2.108000e+000,-7.027094e-006
2.109000e+000,-1.139118e-005
2.110000e+000,-1.642666e-005
2.111000e+000,-5.012905e-006
2.112000e+000,7.072242e-006
2.113000e+000,2.217867e-005
2.114000e+000,1.848599e-005
2.115000e+000,1.701065e-006
2.116000e+000,6.939702e-007
2.117000e+000,-3.131279e-007
2.118000e+000,-3.334415e-006
2.119000e+000,1.177202e-005
2.120000e+000,2.150728e-005
2.121000e+000,2.318577e-005
2.122000e+000,-2.246922e-005
2.123000e+000,-5.133930e-005
2.124000e+000,-2.011934e-005
2.125000e+000,2.251437e-005
2.126000e+000,5.507712e-005
2.127000e+000,3.728510e-005
2.128000e+000,2.519996e-005
2.129000e+000,2.721415e-005
2.130000e+000,2.117158e-005
2.131000e+000,-8.369887e-006
2.132000e+000,-2.314063e-005
2.133000e+000,-3.388297e-005
2.134000e+000,-3.656856e-005
2.135000e+000,-3.891845e-005
2.136000e+000,-4.328253e-005
2.137000e+000,-3.388297e-005
2.138000e+000,-3.321158e-005
2.139000e+000,-2.985460e-005
2.140000e+000,-9.712687e-006
2.141000e+000,2.352146e-005
2.142000e+000,5.574852e-005
2.143000e+000,5.407003e-005
2.144000e+000,2.620705e-005
2.145000e+000,7.407940e-006
2.146000e+000,1.701065e-006
2.147000e+000,-6.355698e-006
2.148000e+000,-5.684302e-006
2.149000e+000,1.177202e-005
2.150000e+000,2.257025e-008
2.151000e+000,-7.027094e-006
2.152000e+000,4.386653e-006
2.153000e+000,7.407940e-006
2.154000e+000,-6.488260e-007
2.155000e+000,-5.684302e-006
2.156000e+000,-1.139118e-005
2.157000e+000,-1.441246e-005
2.158000e+000,-1.374106e-005
2.159000e+000,-5.684302e-006
2.160000e+000,1.815029e-005
2.161000e+000,6.400842e-006
2.162000e+000,-1.655920e-006
2.163000e+000,3.582720e-007
2.164000e+000,1.680750e-005
2.165000e+000,1.546470e-005
2.166000e+000,2.117158e-005
2.167000e+000,7.743638e-006
2.168000e+000,3.043857e-006
2.169000e+000,-7.027094e-006
2.170000e+000,-1.306967e-005
2.171000e+000,-1.844085e-005
2.172000e+000,-1.306967e-005
2.173000e+000,-1.306967e-005
2.174000e+000,2.372461e-006
2.175000e+000,-2.998713e-006
2.176000e+000,-1.709805e-005
2.177000e+000,2.036763e-006
2.178000e+000,5.729446e-006
2.179000e+000,8.415034e-006
2.180000e+000,-3.131279e-007
2.181000e+000,-7.362792e-006
2.182000e+000,7.743638e-006
2.183000e+000,1.029668e-006
2.184000e+000,6.939702e-007
2.185000e+000,-1.655920e-006
2.186000e+000,-9.041290e-006
2.187000e+000,1.076493e-005
2.188000e+000,1.848599e-005
2.189000e+000,1.042922e-005
2.190000e+000,3.379555e-006
2.191000e+000,-2.549051e-005
2.192000e+000,-6.678143e-005
2.193000e+000,-3.086169e-005
2.194000e+000,2.721415e-005
2.195000e+000,4.634896e-005
2.196000e+000,1.848599e-005
2.197000e+000,3.582720e-007
2.198000e+000,3.715257e-006
2.199000e+000,-1.239827e-005
2.200000e+000,-1.320222e-006
2.201000e+000,1.613610e-005
2.202000e+000,3.594231e-005
2.203000e+000,3.459952e-005
2.204000e+000,6.400842e-006
2.205000e+000,-5.684302e-006
2.206000e+000,-6.488260e-007
2.207000e+000,4.722351e-006
2.208000e+000,-1.508386e-005
2.209000e+000,-3.220448e-005
2.210000e+000,-4.294683e-005
2.211000e+000,-3.925415e-005
2.212000e+000,-1.038408e-005
2.213000e+000,1.177202e-005
2.214000e+000,-3.131279e-007
2.215000e+000,-1.139118e-005
2.216000e+000,-1.944794e-005
2.217000e+000,-2.246922e-005
2.218000e+000,-1.655920e-006
2.219000e+000,9.086431e-006
2.220000e+000,8.415034e-006
2.221000e+000,4.722351e-006
2.222000e+000,1.647180e-005
2.223000e+000,4.366337e-005
2.224000e+000,5.675562e-005
2.225000e+000,3.426382e-005
2.226000e+000,1.445761e-005
2.227000e+000,-5.348604e-006
2.228000e+000,-2.998713e-006
2.229000e+000,-7.027094e-006
2.230000e+000,1.311481e-005
2.231000e+000,3.057113e-005
2.232000e+000,5.058050e-006
2.233000e+000,-2.280493e-005
2.234000e+000,-2.784040e-005
2.235000e+000,-2.213352e-005
2.236000e+000,-2.448342e-005
2.237000e+000,-3.153309e-005
2.238000e+000,-4.663952e-005
2.239000e+000,-3.052599e-005
2.240000e+000,2.922834e-005
2.241000e+000,5.474142e-005
2.242000e+000,4.232058e-005
2.243000e+000,2.788555e-005
2.244000e+000,6.400842e-006
2.245000e+000,-2.327317e-006
2.246000e+000,-3.670113e-006
2.247000e+000,-1.306967e-005
2.248000e+000,-1.340537e-005
2.249000e+000,-1.991619e-006
2.250000e+000,3.582720e-007
2.251000e+000,-9.712687e-006
2.252000e+000,-2.649761e-005
2.253000e+000,-1.911224e-005
2.254000e+000,-1.441246e-005
2.255000e+000,-4.395393e-005
2.256000e+000,-5.939606e-005
2.257000e+000,-3.334415e-006
2.258000e+000,3.862790e-005
2.259000e+000,4.802746e-005
2.260000e+000,4.265628e-005
2.261000e+000,3.694940e-005
2.262000e+000,1.848599e-005
2.263000e+000,-6.691396e-006
2.264000e+000,-3.119739e-005
2.265000e+000,-2.515482e-005
2.266000e+000,6.065144e-006
2.267000e+000,2.519996e-005
2.268000e+000,1.580040e-005
2.269000e+000,-1.655920e-006
2.270000e+000,1.680750e-005
2.271000e+000,5.058050e-006
2.272000e+000,-3.334415e-006
2.273000e+000,6.400842e-006
2.274000e+000,-8.369887e-006
2.275000e+000,-2.079073e-005
2.276000e+000,-1.911224e-005
2.277000e+000,-1.105548e-005
2.278000e+000,-9.845241e-007
2.279000e+000,1.029668e-006
2.280000e+000,-1.655920e-006
2.281000e+000,3.582720e-007
2.282000e+000,7.072242e-006
2.283000e+000,-2.663015e-006
2.284000e+000,-1.105548e-005
2.285000e+000,3.715257e-006
2.286000e+000,1.277911e-005
2.287000e+000,1.042922e-005
2.288000e+000,-3.670113e-006
2.289000e+000,-5.348604e-006
2.290000e+000,-9.376988e-006
2.291000e+000,-5.012905e-006
2.292000e+000,1.244342e-005
2.293000e+000,3.392812e-005
2.294000e+000,2.318577e-005
2.295000e+000,3.043857e-006
2.296000e+000,-9.712687e-006
2.297000e+000,-1.844085e-005
2.298000e+000,-1.911224e-005
2.299000e+000,-2.998713e-006
2.300000e+000,4.386653e-006
2.301000e+000,3.582720e-007
2.302000e+000,1.029668e-006
2.303000e+000,7.743638e-006
2.304000e+000,4.386653e-006
2.305000e+000,-5.684302e-006
2.306000e+000,-1.273397e-005
2.307000e+000,-9.712687e-006
2.308000e+000,1.177202e-005
2.309000e+000,1.580040e-005
2.310000e+000,-9.845241e-007
2.311000e+000,-2.582621e-005
2.312000e+000,-2.448342e-005
2.313000e+000,-7.698490e-006
2.314000e+000,-4.328253e-005
2.315000e+000,-3.455437e-005
2.316000e+000,2.217867e-005
2.317000e+000,6.346959e-005
2.318000e+000,4.937025e-005
2.319000e+000,4.164918e-005
2.320000e+000,1.680750e-005
2.321000e+000,3.043857e-006
2.322000e+000,1.345051e-005
2.323000e+000,-8.369887e-006
2.324000e+000,-1.206257e-005
2.325000e+000,-7.027094e-006
2.326000e+000,-9.712687e-006
2.327000e+000,-1.541955e-005
2.328000e+000,9.086431e-006
2.329000e+000,1.244342e-005
2.330000e+000,-2.663015e-006
2.331000e+000,-9.712687e-006
2.332000e+000,-1.105548e-005
2.333000e+000,7.072242e-006
2.334000e+000,2.372461e-006
2.335000e+000,-4.341509e-006
2.336000e+000,-1.105548e-005
2.337000e+000,-1.609096e-005
2.338000e+000,-7.698490e-006
2.339000e+000,4.722351e-006
2.340000e+000,1.029668e-006
2.341000e+000,-7.698490e-006
2.342000e+000,-1.575526e-005
2.343000e+000,-6.691396e-006
2.344000e+000,1.029668e-006
2.345000e+000,8.415034e-006
2.346000e+000,3.582720e-007
2.347000e+000,-9.041290e-006
2.348000e+000,-7.698490e-006
2.349000e+000,-3.334415e-006
2.350000e+000,2.372461e-006
2.351000e+000,2.372461e-006
2.352000e+000,1.445761e-005
2.353000e+000,9.757827e-006
2.354000e+000,-1.306967e-005
2.355000e+000,1.701065e-006
2.356000e+000,1.714319e-005
2.357000e+000,8.750733e-006
2.358000e+000,-8.369887e-006
2.359000e+000,3.379555e-006
2.360000e+000,6.400842e-006
2.361000e+000,6.400842e-006
2.362000e+000,5.729446e-006
2.363000e+000,-2.998713e-006
2.364000e+000,-1.655920e-006
2.365000e+000,-4.341509e-006
2.366000e+000,-3.334415e-006
2.367000e+000,-5.684302e-006
2.368000e+000,-1.105548e-005
2.369000e+000,-1.004838e-005
2.370000e+000,-9.041290e-006
2.371000e+000,-5.012905e-006
2.372000e+000,-4.227543e-005
2.373000e+000,-4.496103e-005
2.374000e+000,-8.369887e-006
2.375000e+000,3.325672e-005
2.376000e+000,5.809841e-005
2.377000e+000,5.004165e-005
2.378000e+000,2.620705e-005
2.379000e+000,6.400842e-006
2.380000e+000,2.721415e-005
2.381000e+000,2.486426e-005
2.382000e+000,2.050018e-005
2.383000e+000,4.064209e-005
2.384000e+000,-1.911224e-005
2.385000e+000,-4.764661e-005
2.386000e+000,-4.462533e-005
2.387000e+000,-3.334415e-006
2.388000e+000,2.922834e-005
2.389000e+000,7.072242e-006
2.390000e+000,-9.041290e-006
2.391000e+000,-1.541955e-005
2.392000e+000,-1.776945e-005
2.393000e+000,-1.407676e-005
2.394000e+000,2.036763e-006
2.395000e+000,3.582720e-007
2.396000e+000,-4.677207e-006
2.397000e+000,-5.348604e-006
2.398000e+000,-3.670113e-006
2.399000e+000,-2.663015e-006
2.400000e+000,-4.677207e-006
2.401000e+000,-9.712687e-006
2.402000e+000,-5.012905e-006
2.403000e+000,-6.488260e-007
2.404000e+000,-1.038408e-005
2.405000e+000,-1.844085e-005
2.406000e+000,-1.508386e-005
2.407000e+000,-1.306967e-005
2.408000e+000,-1.105548e-005
2.409000e+000,-1.508386e-005
2.410000e+000,1.815029e-005
2.411000e+000,5.272723e-005
2.412000e+000,2.922834e-005
2.413000e+000,2.117158e-005
2.414000e+000,2.654275e-005
2.415000e+000,2.788555e-005
2.416000e+000,1.177202e-005
2.417000e+000,1.365366e-006
2.418000e+000,-1.655920e-006
2.419000e+000,-7.698490e-006
2.420000e+000,-1.642666e-005
2.421000e+000,-2.112643e-005
2.422000e+000,-2.179783e-005
2.423000e+000,-2.448342e-005
2.424000e+000,-2.314063e-005
2.425000e+000,-1.441246e-005
2.426000e+000,-1.320222e-006
2.427000e+000,1.647180e-005
2.428000e+000,2.117158e-005
2.429000e+000,4.064209e-005
2.430000e+000,2.385716e-005
2.431000e+000,-1.655920e-006
2.432000e+000,-1.642666e-005
2.433000e+000,-2.045503e-005
2.434000e+000,-2.179783e-005
2.435000e+000,-1.374106e-005
2.436000e+000,-1.306967e-005
2.437000e+000,-4.261113e-005
2.438000e+000,-4.731091e-005
2.439000e+000,-9.712687e-006
2.440000e+000,2.654275e-005
2.441000e+000,4.634896e-005
2.442000e+000,4.097779e-005
2.443000e+000,5.944120e-005
2.444000e+000,8.831127e-005
2.445000e+000,5.004165e-005
2.446000e+000,2.117158e-005
2.447000e+000,-2.649761e-005
2.448000e+000,-4.731091e-005
2.449000e+000,-3.723996e-005
2.450000e+000,-2.246922e-005
2.451000e+000,-2.515482e-005
2.452000e+000,-1.508386e-005
2.453000e+000,-1.306967e-005
2.454000e+000,-1.273397e-005
2.455000e+000,-7.027094e-006
2.456000e+000,1.412191e-005
2.457000e+000,-4.341509e-006
2.458000e+000,-2.280493e-005
2.459000e+000,-1.911224e-005
2.460000e+000,-1.508386e-005
2.461000e+000,-1.239827e-005
2.462000e+000,2.372461e-006
2.463000e+000,1.701065e-006
2.464000e+000,1.378621e-005
2.465000e+000,6.400842e-006
2.466000e+000,6.065144e-006
2.467000e+000,1.311481e-005
2.468000e+000,1.076493e-005
2.469000e+000,1.714319e-005
2.470000e+000,2.855694e-005
2.471000e+000,1.848599e-005
2.472000e+000,1.076493e-005
2.473000e+000,-6.488260e-007
2.474000e+000,-6.488260e-007
2.475000e+000,-1.038408e-005
2.476000e+000,-1.776945e-005
2.477000e+000,-1.776945e-005
2.478000e+000,-6.020000e-006
2.479000e+000,1.177202e-005
2.480000e+000,3.715257e-006
2.481000e+000,-1.655920e-006
2.482000e+000,1.029668e-006
2.483000e+000,-3.131279e-007
2.484000e+000,-4.341509e-006
2.485000e+000,1.029668e-006
2.486000e+000,3.379555e-006
2.487000e+000,5.058050e-006
2.488000e+000,4.386653e-006
2.489000e+000,-2.327317e-006
2.490000e+000,-6.020000e-006
2.491000e+000,-1.172688e-005
2.492000e+000,-4.999650e-005
2.493000e+000,-6.812422e-005
2.494000e+000,-2.448342e-005
2.495000e+000,1.982878e-005
2.496000e+000,6.279819e-005
2.497000e+000,6.649087e-005
2.498000e+000,5.172014e-005
2.499000e+000,3.862790e-005
2.500000e+000,5.205584e-005
2.501000e+000,2.721415e-005
2.502000e+000,-1.038408e-005
2.503000e+000,-5.368919e-005
2.504000e+000,-5.234639e-005
2.505000e+000,-1.508386e-005
2.506000e+000,-4.341509e-006
2.507000e+000,-1.911224e-005
2.508000e+000,-1.810515e-005
2.509000e+000,-8.369887e-006
2.510000e+000,-7.698490e-006
2.511000e+000,-9.712687e-006
2.512000e+000,-1.407676e-005
2.513000e+000,-5.684302e-006
2.514000e+000,5.729446e-006
2.515000e+000,9.757827e-006
2.516000e+000,9.086431e-006
2.517000e+000,5.393748e-006
2.518000e+000,2.708159e-006
2.519000e+000,2.708159e-006
2.520000e+000,1.029668e-006
2.521000e+000,1.177202e-005
2.522000e+000,3.292102e-005
2.523000e+000,2.217867e-005
2.524000e+000,3.582720e-007
2.525000e+000,-9.712687e-006
2.526000e+000,-7.698490e-006
2.527000e+000,-4.341509e-006
2.528000e+000,1.029668e-006
2.529000e+000,-4.677207e-006
2.530000e+000,-1.105548e-005
2.531000e+000,-1.004838e-005
2.532000e+000,-2.716900e-005
2.533000e+000,-2.884749e-005
2.534000e+000,-2.246922e-005
2.535000e+000,-7.027094e-006
2.536000e+000,6.400842e-006
2.537000e+000,2.788555e-005
2.538000e+000,4.131349e-005
2.539000e+000,3.157823e-005
2.540000e+000,3.043857e-006
2.541000e+000,-1.273397e-005
2.542000e+000,-8.705592e-006
2.543000e+000,-9.041290e-006
2.544000e+000,-2.998713e-006
2.545000e+000,-3.670113e-006
2.546000e+000,-4.005811e-006
2.547000e+000,-7.698490e-006
2.548000e+000,-3.334415e-006
2.549000e+000,-4.529672e-005
2.550000e+000,-3.388297e-005
2.551000e+000,1.110062e-005
2.552000e+000,4.131349e-005
2.553000e+000,5.004165e-005
2.554000e+000,4.064209e-005
2.555000e+000,2.922834e-005
2.556000e+000,-1.575526e-005
2.557000e+000,-2.146213e-005
2.558000e+000,-1.575526e-005
2.559000e+000,-1.474816e-005
2.560000e+000,2.184297e-005
2.561000e+000,4.869885e-005
2.562000e+000,3.057113e-005
2.563000e+000,4.386653e-006
2.564000e+000,-1.642666e-005
2.565000e+000,-2.327317e-006
2.566000e+000,9.086431e-006
2.567000e+000,1.701065e-006
2.568000e+000,-2.112643e-005
2.569000e+000,-3.254018e-005
2.570000e+000,-1.810515e-005
2.571000e+000,-1.306967e-005
2.572000e+000,-1.776945e-005
2.573000e+000,-1.541955e-005
2.574000e+000,-1.105548e-005
2.575000e+000,-1.172688e-005
2.576000e+000,-1.004838e-005
2.577000e+000,-5.684302e-006
2.578000e+000,-8.034189e-006
2.579000e+000,-2.998713e-006
2.580000e+000,1.714319e-005
2.581000e+000,2.251437e-005
2.582000e+000,2.519996e-005
2.583000e+000,9.757827e-006
2.584000e+000,-1.407676e-005
2.585000e+000,9.086431e-006
2.586000e+000,1.378621e-005
2.587000e+000,-3.670113e-006
2.588000e+000,-7.698490e-006
2.589000e+000,-1.575526e-005
2.590000e+000,-7.362792e-006
2.591000e+000,1.701065e-006
2.592000e+000,1.781459e-005
2.593000e+000,1.512900e-005
2.594000e+000,6.065144e-006
2.595000e+000,7.407940e-006
2.596000e+000,7.743638e-006
2.597000e+000,-3.131279e-007
2.598000e+000,-1.655920e-006
2.599000e+000,-2.327317e-006
2.600000e+000,-1.320222e-006
2.601000e+000,-3.670113e-006
2.602000e+000,-1.239827e-005
2.603000e+000,-2.045503e-005
2.604000e+000,-1.239827e-005
2.605000e+000,-1.071978e-005
2.606000e+000,-1.004838e-005
2.607000e+000,-2.998713e-006
2.608000e+000,1.110062e-005
2.609000e+000,1.647180e-005
2.610000e+000,3.582720e-007
2.611000e+000,-6.488260e-007
2.612000e+000,-1.991619e-006
2.613000e+000,1.042922e-005
2.614000e+000,3.527091e-005
2.615000e+000,4.722351e-006
2.616000e+000,-9.041290e-006
2.617000e+000,-3.670113e-006
2.618000e+000,1.029668e-006
2.619000e+000,1.445761e-005
2.620000e+000,1.680750e-005
2.621000e+000,-4.193974e-005
2.622000e+000,-5.805327e-005
2.623000e+000,-1.239827e-005
2.624000e+000,2.385716e-005
2.625000e+000,4.265628e-005
2.626000e+000,3.191393e-005
2.627000e+000,2.922834e-005
2.628000e+000,-7.027094e-006
2.629000e+000,-2.784040e-005
2.630000e+000,-6.488260e-007
2.631000e+000,3.715257e-006
2.632000e+000,-4.005811e-006
2.633000e+000,3.582720e-007
2.634000e+000,1.110062e-005
2.635000e+000,1.680750e-005
2.636000e+000,-8.369887e-006
2.637000e+000,-2.985460e-005
2.638000e+000,-3.992555e-005
2.639000e+000,-1.844085e-005
2.640000e+000,1.714319e-005
2.641000e+000,4.534187e-005
2.642000e+000,3.728510e-005
2.643000e+000,3.057113e-005
2.644000e+000,5.058050e-006
2.645000e+000,-7.362792e-006
2.646000e+000,-2.884749e-005
2.647000e+000,-3.791136e-005
2.648000e+000,-2.683331e-005
2.649000e+000,-1.374106e-005
2.650000e+000,1.177202e-005
2.651000e+000,-1.991619e-006
2.652000e+000,1.029668e-006
2.653000e+000,1.029668e-006
2.654000e+000,-9.712687e-006
2.655000e+000,3.379555e-006
2.656000e+000,1.701065e-006
2.657000e+000,-9.845241e-007
2.658000e+000,-3.670113e-006
2.659000e+000,-2.998713e-006
2.660000e+000,3.582720e-007
2.661000e+000,-3.131279e-007
2.662000e+000,-3.670113e-006
2.663000e+000,-1.071978e-005
2.664000e+000,-1.776945e-005
2.665000e+000,-1.374106e-005
2.666000e+000,-9.041290e-006
2.667000e+000,1.042922e-005
2.668000e+000,1.815029e-005
2.669000e+000,1.244342e-005
2.670000e+000,1.546470e-005
2.671000e+000,2.486426e-005
2.672000e+000,3.224963e-005
2.673000e+000,4.366337e-005
2.674000e+000,1.949308e-005
2.675000e+000,-2.998713e-006
2.676000e+000,-7.698490e-006
2.677000e+000,-1.575526e-005
2.678000e+000,-2.515482e-005
2.679000e+000,-3.891845e-005
2.680000e+000,-2.884749e-005
2.681000e+000,-8.369887e-006
2.682000e+000,1.177202e-005
2.683000e+000,1.378621e-005
2.684000e+000,-5.684302e-006
2.685000e+000,-2.616191e-005
2.686000e+000,1.029668e-006
2.687000e+000,3.862790e-005
2.688000e+000,4.836315e-005
2.689000e+000,3.728510e-005
2.690000e+000,2.587136e-005
2.691000e+000,-3.670113e-006
2.692000e+000,-2.515482e-005
2.693000e+000,-2.045503e-005
2.694000e+000,-1.911224e-005
2.695000e+000,-3.153309e-005
2.696000e+000,-3.791136e-005
2.697000e+000,-1.374106e-005
2.698000e+000,3.325672e-005
2.699000e+000,4.869885e-005
2.700000e+000,3.728510e-005
2.701000e+000,-3.131279e-007
2.702000e+000,-3.522577e-005
2.703000e+000,-4.798231e-005
2.704000e+000,-2.750470e-005
2.705000e+000,1.580040e-005
2.706000e+000,1.848599e-005
2.707000e+000,2.822124e-005
2.708000e+000,4.064209e-005
2.709000e+000,2.117158e-005
2.710000e+000,2.372461e-006
2.711000e+000,-5.348604e-006
2.712000e+000,-1.038408e-005
2.713000e+000,-1.655920e-006
2.714000e+000,2.257025e-008
2.715000e+000,-1.071978e-005
2.716000e+000,-2.515482e-005
2.717000e+000,-2.616191e-005
2.718000e+000,-1.508386e-005
2.719000e+000,-1.038408e-005
2.720000e+000,-1.239827e-005
2.721000e+000,-1.810515e-005
2.722000e+000,-2.280493e-005
2.723000e+000,-1.575526e-005
2.724000e+000,-6.488260e-007
2.725000e+000,6.400842e-006
2.726000e+000,8.415034e-006
2.727000e+000,9.086431e-006
2.728000e+000,2.587136e-005
2.729000e+000,2.553566e-005
2.730000e+000,2.083588e-005
2.731000e+000,3.379555e-006
2.732000e+000,-8.034189e-006
2.733000e+000,-9.041290e-006
2.734000e+000,-5.012905e-006
2.735000e+000,1.277911e-005
2.736000e+000,2.452856e-005
2.737000e+000,1.311481e-005
2.738000e+000,-1.655920e-006
2.739000e+000,-1.575526e-005
2.740000e+000,-9.712687e-006
2.741000e+000,1.029668e-006
2.742000e+000,2.372461e-006
2.743000e+000,-1.655920e-006
2.744000e+000,3.715257e-006
2.745000e+000,1.177202e-005
2.746000e+000,1.277911e-005
2.747000e+000,3.715257e-006
2.748000e+000,6.400842e-006
2.749000e+000,6.736540e-006
2.750000e+000,-2.327317e-006
2.751000e+000,-4.341509e-006
2.752000e+000,2.036763e-006
2.753000e+000,1.042922e-005
2.754000e+000,2.372461e-006
2.755000e+000,-1.709805e-005
2.756000e+000,-1.844085e-005
2.757000e+000,-2.481912e-005
2.758000e+000,-2.246922e-005
2.759000e+000,-1.306967e-005
2.760000e+000,-5.838897e-005
2.761000e+000,-4.126834e-005
2.762000e+000,2.083588e-005
2.763000e+000,5.809841e-005
2.764000e+000,3.728510e-005
2.765000e+000,5.058050e-006
2.766000e+000,-5.012905e-006
2.767000e+000,-1.239827e-005
2.768000e+000,6.736540e-006
2.769000e+000,3.459952e-005
2.770000e+000,4.869885e-005
2.771000e+000,2.251437e-005
2.772000e+000,-3.670113e-006
2.773000e+000,-1.340537e-005
2.774000e+000,3.043857e-006
2.775000e+000,1.546470e-005
2.776000e+000,1.177202e-005
2.777000e+000,1.277911e-005
2.778000e+000,-7.027094e-006
2.779000e+000,-3.858275e-005
2.780000e+000,-3.791136e-005
2.781000e+000,-2.716900e-005
2.782000e+000,-6.355698e-006
2.783000e+000,-7.027094e-006
2.784000e+000,-2.112643e-005
2.785000e+000,-1.441246e-005
2.786000e+000,-3.670113e-006
2.787000e+000,-3.334415e-006
2.788000e+000,6.400842e-006
2.789000e+000,1.244342e-005
2.790000e+000,8.415034e-006
2.791000e+000,9.757827e-006
2.792000e+000,1.177202e-005
2.793000e+000,-6.020000e-006
2.794000e+000,-8.369887e-006
2.795000e+000,-3.131279e-007
2.796000e+000,2.257025e-008
2.797000e+000,7.743638e-006
2.798000e+000,1.177202e-005
2.799000e+000,2.989974e-005
2.800000e+000,1.982878e-005
2.801000e+000,-1.991619e-006
2.802000e+000,-1.239827e-005
2.803000e+000,-1.407676e-005
2.804000e+000,-2.246922e-005
2.805000e+000,-1.844085e-005
2.806000e+000,-2.998713e-006
2.807000e+000,9.086431e-006
2.808000e+000,7.743638e-006
2.809000e+000,1.177202e-005
2.810000e+000,2.016448e-005
2.811000e+000,-6.488260e-007
2.812000e+000,-1.374106e-005
2.813000e+000,-1.139118e-005
2.814000e+000,3.043857e-006
2.815000e+000,1.029668e-006
2.816000e+000,1.110062e-005
2.817000e+000,1.311481e-005
2.818000e+000,6.065144e-006
2.819000e+000,1.701065e-006
2.820000e+000,-3.131279e-007
2.821000e+000,3.043857e-006
2.822000e+000,3.043857e-006
2.823000e+000,-4.361823e-005
2.824000e+000,-5.603907e-005
2.825000e+000,-8.034189e-006
2.826000e+000,3.191393e-005
2.827000e+000,5.004165e-005
2.828000e+000,4.735606e-005
2.829000e+000,2.989974e-005
2.830000e+000,4.386653e-006
2.831000e+000,-8.705592e-006
2.832000e+000,-6.355698e-006
2.833000e+000,-2.179783e-005
2.834000e+000,-3.858275e-005
2.835000e+000,-2.951889e-005
2.836000e+000,-9.041290e-006
2.837000e+000,2.251437e-005
2.838000e+000,3.896360e-005
2.839000e+000,1.412191e-005
2.840000e+000,-1.374106e-005
2.841000e+000,-1.676235e-005
2.842000e+000,-2.327317e-006
2.843000e+000,-9.845241e-007
2.844000e+000,3.043857e-006
2.845000e+000,3.715257e-006
2.846000e+000,-6.355698e-006
2.847000e+000,-1.508386e-005
2.848000e+000,-1.508386e-005
2.849000e+000,-1.709805e-005
2.850000e+000,-8.369887e-006
2.851000e+000,-7.698490e-006
2.852000e+000,-1.239827e-005
2.853000e+000,-4.341509e-006
2.854000e+000,3.043857e-006
2.855000e+000,2.257025e-008
2.856000e+000,-1.508386e-005
2.857000e+000,1.110062e-005
2.858000e+000,2.318577e-005
2.859000e+000,2.855694e-005
2.860000e+000,2.654275e-005
2.861000e+000,2.050018e-005
2.862000e+000,2.788555e-005
2.863000e+000,2.050018e-005
2.864000e+000,5.729446e-006
2.865000e+000,-1.172688e-005
2.866000e+000,-1.441246e-005
2.867000e+000,-9.712687e-006
2.868000e+000,-4.341509e-006
2.869000e+000,-7.698490e-006
2.870000e+000,-8.369887e-006
2.871000e+000,-1.508386e-005
2.872000e+000,-1.911224e-005
2.873000e+000,-2.011934e-005
2.874000e+000,-1.609096e-005
2.875000e+000,-8.369887e-006
2.876000e+000,-8.369887e-006
2.877000e+000,-7.027094e-006
2.878000e+000,7.743638e-006
2.879000e+000,3.582720e-007
2.880000e+000,2.050018e-005
2.881000e+000,2.385716e-005
2.882000e+000,1.412191e-005
2.883000e+000,9.086431e-006
2.884000e+000,1.701065e-006
2.885000e+000,3.043857e-006
2.886000e+000,-3.670113e-006
2.887000e+000,-1.139118e-005
2.888000e+000,-1.038408e-005
2.889000e+000,-5.684302e-006
2.890000e+000,1.042922e-005
2.891000e+000,3.043857e-006
2.892000e+000,-5.684302e-006
2.893000e+000,2.708159e-006
2.894000e+000,-2.998713e-006
2.895000e+000,2.708159e-006
2.896000e+000,1.177202e-005
2.897000e+000,1.345051e-005
2.898000e+000,2.184297e-005
2.899000e+000,1.177202e-005
2.900000e+000,7.407940e-006
2.901000e+000,3.715257e-006
2.902000e+000,-1.306967e-005
2.903000e+000,-7.181690e-005
2.904000e+000,-5.872466e-005
2.905000e+000,-7.027094e-006
2.906000e+000,2.251437e-005
2.907000e+000,2.352146e-005
2.908000e+000,2.117158e-005
2.909000e+000,2.050018e-005
2.910000e+000,2.036763e-006
2.911000e+000,3.715257e-006
2.912000e+000,7.743638e-006
2.913000e+000,5.729446e-006
2.914000e+000,-4.677207e-006
2.915000e+000,2.217867e-005
2.916000e+000,3.661371e-005
2.917000e+000,1.177202e-005
2.918000e+000,-1.508386e-005
2.919000e+000,-3.455437e-005
2.920000e+000,-3.791136e-005
2.921000e+000,-1.441246e-005
2.922000e+000,-1.306967e-005
2.923000e+000,1.445761e-005
2.924000e+000,3.594231e-005
2.925000e+000,2.150728e-005
2.926000e+000,2.708159e-006
2.927000e+000,-1.978364e-005
2.928000e+000,-2.448342e-005
2.929000e+000,-2.112643e-005
2.930000e+000,-1.172688e-005
2.931000e+000,-1.105548e-005
2.932000e+000,5.729446e-006
2.933000e+000,1.110062e-005
2.934000e+000,3.043857e-006
2.935000e+000,-4.341509e-006
2.936000e+000,-1.844085e-005
2.937000e+000,-1.911224e-005
2.938000e+000,-1.655920e-006
2.939000e+000,3.715257e-006
2.940000e+000,2.117158e-005
2.941000e+000,1.076493e-005
2.942000e+000,1.009353e-005
2.943000e+000,-3.131279e-007
2.944000e+000,3.715257e-006
2.945000e+000,2.452856e-005
2.946000e+000,1.042922e-005
2.947000e+000,1.445761e-005
2.948000e+000,1.378621e-005
2.949000e+000,1.244342e-005
2.950000e+000,-3.131279e-007
2.951000e+000,-5.348604e-006
2.952000e+000,-5.684302e-006
2.953000e+000,2.372461e-006
2.954000e+000,-1.655920e-006
2.955000e+000,-3.131279e-007
2.956000e+000,2.372461e-006
2.957000e+000,-2.663015e-006
2.958000e+000,-2.327317e-006
2.959000e+000,-7.027094e-006
2.960000e+000,-1.105548e-005
2.961000e+000,-1.407676e-005
2.962000e+000,-3.287588e-005
2.963000e+000,-6.073885e-005
2.964000e+000,-2.414772e-005
2.965000e+000,1.915739e-005
2.966000e+000,3.929929e-005
2.967000e+000,3.527091e-005
2.968000e+000,2.016448e-005
2.969000e+000,3.715257e-006
2.970000e+000,7.743638e-006
2.971000e+000,3.694940e-005
2.972000e+000,2.352146e-005
2.973000e+000,-3.670113e-006
2.974000e+000,-1.776945e-005
2.975000e+000,-3.757566e-005
2.976000e+000,-3.153309e-005
2.977000e+000,-2.784040e-005
2.978000e+000,-2.112643e-005
2.979000e+000,-1.655920e-006
2.980000e+000,3.862790e-005
2.981000e+000,5.071304e-005
2.982000e+000,4.735606e-005
2.983000e+000,2.788555e-005
2.984000e+000,6.736540e-006
2.985000e+000,-1.991619e-006
2.986000e+000,-1.306967e-005
2.987000e+000,-1.911224e-005
2.988000e+000,-1.441246e-005
2.989000e+000,-1.655920e-006
2.990000e+000,6.939702e-007
2.991000e+000,-1.374106e-005
2.992000e+000,3.582720e-007
2.993000e+000,2.251437e-005
2.994000e+000,-1.004838e-005
2.995000e+000,-3.757566e-005
2.996000e+000,-4.294683e-005
2.997000e+000,-1.776945e-005
2.998000e+000,-7.027094e-006
2.999000e+000,2.372461e-006
3.000000e+000,9.422129e-006
3.001000e+000,2.754985e-005
3.002000e+000,4.668466e-005
3.003000e+000,2.519996e-005
3.004000e+000,-1.810515e-005
3.005000e+000,-3.019029e-005
3.006000e+000,-2.347632e-005
3.007000e+000,-1.105548e-005
3.008000e+000,-1.004838e-005
3.009000e+000,-7.698490e-006
3.010000e+000,9.757827e-006
3.011000e+000,1.647180e-005
3.012000e+000,7.743638e-006
3.013000e+000,-3.334415e-006
3.014000e+000,-7.027094e-006
3.015000e+000,5.058050e-006
3.016000e+000,2.036763e-006
3.017000e+000,-1.004838e-005
3.018000e+000,-1.776945e-005
3.019000e+000,-1.541955e-005
3.020000e+000,-8.034189e-006
3.021000e+000,3.715257e-006
3.022000e+000,1.512900e-005
3.023000e+000,1.143632e-005
3.024000e+000,1.915739e-005
3.025000e+000,1.647180e-005
3.026000e+000,9.086431e-006
3.027000e+000,-6.020000e-006
3.028000e+000,-1.239827e-005
3.029000e+000,-2.549051e-005
3.030000e+000,-3.287588e-005
3.031000e+000,2.372461e-006
3.032000e+000,1.747889e-005
3.033000e+000,1.982878e-005
3.034000e+000,-2.045503e-005
3.035000e+000,-1.273397e-005
3.036000e+000,3.191393e-005
3.037000e+000,4.802746e-005
3.038000e+000,4.802746e-005
3.039000e+000,2.654275e-005
3.040000e+000,6.400842e-006
3.041000e+000,-3.925415e-005
3.042000e+000,-4.798231e-005
3.043000e+000,-2.716900e-005
3.044000e+000,-2.246922e-005
3.045000e+000,-1.776945e-005
3.046000e+000,4.386653e-006
3.047000e+000,1.512900e-005
3.048000e+000,3.325672e-005
3.049000e+000,3.057113e-005
3.050000e+000,1.949308e-005
3.051000e+000,1.915739e-005
3.052000e+000,4.722351e-006
3.053000e+000,7.072242e-006
3.054000e+000,-2.998713e-006
3.055000e+000,-3.334415e-006
3.056000e+000,-6.355698e-006
3.057000e+000,-2.280493e-005
3.058000e+000,-2.079073e-005
3.059000e+000,-2.045503e-005
3.060000e+000,-1.655920e-006
3.061000e+000,2.419286e-005
3.062000e+000,1.949308e-005
3.063000e+000,3.043857e-006
3.064000e+000,-7.362792e-006
3.065000e+000,4.722351e-006
3.066000e+000,1.042922e-005
3.067000e+000,-3.334415e-006
3.068000e+000,-9.712687e-006
3.069000e+000,-1.038408e-005
3.070000e+000,-1.139118e-005
3.071000e+000,-9.712687e-006
3.072000e+000,-9.041290e-006
3.073000e+000,-3.131279e-007
3.074000e+000,4.064209e-005
3.075000e+000,2.654275e-005
3.076000e+000,9.086431e-006
3.077000e+000,-1.743375e-005
3.078000e+000,-3.925415e-005
3.079000e+000,-3.186879e-005
3.080000e+000,-1.776945e-005
3.081000e+000,4.722351e-006
3.082000e+000,5.058050e-006
3.083000e+000,4.386653e-006
3.084000e+000,-4.005811e-006
3.085000e+000,-5.684302e-006
3.086000e+000,6.065144e-006
3.087000e+000,1.277911e-005
3.088000e+000,1.647180e-005
3.089000e+000,2.184297e-005
3.090000e+000,5.058050e-006
3.091000e+000,-6.020000e-006
3.092000e+000,-7.698490e-006
3.093000e+000,-9.712687e-006
3.094000e+000,-1.642666e-005
3.095000e+000,-1.374106e-005
3.096000e+000,-6.355698e-006
3.097000e+000,4.050955e-006
3.098000e+000,1.848599e-005
3.099000e+000,1.701065e-006
3.100000e+000,3.043857e-006
3.101000e+000,-1.655920e-006
3.102000e+000,-6.355698e-006
3.103000e+000,-2.327317e-006
3.104000e+000,-5.684302e-006
3.105000e+000,3.043857e-006
3.106000e+000,1.580040e-005
3.107000e+000,1.781459e-005
3.108000e+000,1.177202e-005
3.109000e+000,9.086431e-006
3.110000e+000,-1.038408e-005
3.111000e+000,3.582720e-007
3.112000e+000,1.143632e-005
3.113000e+000,3.715257e-006
3.114000e+000,-3.421867e-005
3.115000e+000,-7.718808e-005
3.116000e+000,-3.119739e-005
3.117000e+000,2.452856e-005
3.118000e+000,5.876981e-005
3.119000e+000,5.172014e-005
3.120000e+000,2.788555e-005
3.121000e+000,2.217867e-005
3.122000e+000,7.743638e-006
3.123000e+000,-9.712687e-006
3.124000e+000,-2.045503e-005
3.125000e+000,-1.441246e-005
3.126000e+000,2.036763e-006
3.127000e+000,6.400842e-006
3.128000e+000,4.050955e-006
3.129000e+000,-1.139118e-005
3.130000e+000,3.582720e-007
3.131000e+000,9.757827e-006
3.132000e+000,6.400842e-006
3.133000e+000,-2.327317e-006
3.134000e+000,-6.020000e-006
3.135000e+000,-1.911224e-005
3.136000e+000,-1.273397e-005
3.137000e+000,-9.712687e-006
3.138000e+000,-1.239827e-005
3.139000e+000,-2.112643e-005
3.140000e+000,-8.369887e-006
3.141000e+000,2.257025e-008
3.142000e+000,-5.348604e-006
3.143000e+000,-4.341509e-006
3.144000e+000,7.743638e-006
3.145000e+000,2.036763e-006
3.146000e+000,2.372461e-006
3.147000e+000,6.939702e-007
3.148000e+000,6.400842e-006
3.149000e+000,7.407940e-006
3.150000e+000,3.379555e-006
3.151000e+000,8.750733e-006
3.152000e+000,8.415034e-006
3.153000e+000,-7.027094e-006
3.154000e+000,-1.374106e-005
3.155000e+000,-1.743375e-005
3.156000e+000,3.582720e-007
3.157000e+000,1.882169e-005
3.158000e+000,2.318577e-005
3.159000e+000,3.997069e-005
3.160000e+000,2.519996e-005
3.161000e+000,-9.845241e-007
3.162000e+000,-3.254018e-005
3.163000e+000,-1.508386e-005
3.164000e+000,3.043857e-006
3.165000e+000,2.257025e-008
3.166000e+000,-9.845241e-007
3.167000e+000,-1.655920e-006
3.168000e+000,1.143632e-005
3.169000e+000,-1.655920e-006
3.170000e+000,-5.684302e-006
3.171000e+000,-5.684302e-006
3.172000e+000,-6.020000e-006
3.173000e+000,-1.038408e-005
3.174000e+000,-1.105548e-005
3.175000e+000,-1.239827e-005
3.176000e+000,-1.239827e-005
3.177000e+000,-1.776945e-005
3.178000e+000,-1.374106e-005
3.179000e+000,9.086431e-006
3.180000e+000,3.325672e-005
3.181000e+000,2.754985e-005
3.182000e+000,1.647180e-005
3.183000e+000,5.058050e-006
3.184000e+000,-7.027094e-006
3.185000e+000,-1.239827e-005
3.186000e+000,-1.105548e-005
3.187000e+000,-4.294683e-005
3.188000e+000,-4.395393e-005
3.189000e+000,1.311481e-005
3.190000e+000,5.373433e-005
3.191000e+000,6.078400e-005
3.192000e+000,5.104874e-005
3.193000e+000,4.937025e-005
3.194000e+000,9.086431e-006
3.195000e+000,-2.045503e-005
3.196000e+000,-2.784040e-005
3.197000e+000,-2.784040e-005
3.198000e+000,-2.716900e-005
3.199000e+000,-1.004838e-005
3.200000e+000,5.729446e-006
3.201000e+000,1.815029e-005
3.202000e+000,2.050018e-005
3.203000e+000,-6.488260e-007
3.204000e+000,-1.676235e-005
3.205000e+000,-1.441246e-005
3.206000e+000,-1.071978e-005
3.207000e+000,-5.684302e-006
3.208000e+000,-1.655920e-006
3.209000e+000,-5.348604e-006
3.210000e+000,-3.334415e-006
3.211000e+000,-4.677207e-006
3.212000e+000,-1.508386e-005
3.213000e+000,-1.642666e-005
3.214000e+000,-1.239827e-005
3.215000e+000,-7.698490e-006
3.216000e+000,-4.341509e-006
3.217000e+000,3.715257e-006
3.218000e+000,3.715257e-006
3.219000e+000,-4.677207e-006
3.220000e+000,-2.663015e-006
3.221000e+000,-1.655920e-006
3.222000e+000,5.058050e-006
3.223000e+000,3.715257e-006
3.224000e+000,-1.655920e-006
3.225000e+000,2.372461e-006
3.226000e+000,1.177202e-005
3.227000e+000,1.445761e-005
3.228000e+000,2.372461e-006
3.229000e+000,-4.341509e-006
3.230000e+000,-1.991619e-006
3.231000e+000,1.177202e-005
3.232000e+000,1.143632e-005
3.233000e+000,2.251437e-005
3.234000e+000,1.445761e-005
3.235000e+000,3.715257e-006
3.236000e+000,7.743638e-006
3.237000e+000,1.647180e-005
3.238000e+000,3.715257e-006
3.239000e+000,-1.071978e-005
3.240000e+000,-5.012905e-006
3.241000e+000,-3.334415e-006
3.242000e+000,-8.369887e-006
3.243000e+000,-1.004838e-005
3.244000e+000,-5.684302e-006
3.245000e+000,-5.348604e-006
3.246000e+000,-8.369887e-006
3.247000e+000,-1.320222e-006
3.248000e+000,3.043857e-006
3.249000e+000,7.072242e-006
3.250000e+000,-5.012905e-006
3.251000e+000,-7.698490e-006
3.252000e+000,-1.642666e-005
3.253000e+000,-1.776945e-005
3.254000e+000,-4.677207e-006
3.255000e+000,9.757827e-006
3.256000e+000,1.110062e-005
3.257000e+000,8.415034e-006
3.258000e+000,-4.677207e-006
3.259000e+000,-5.684302e-006
3.260000e+000,-6.355698e-006
3.261000e+000,9.757827e-006
3.262000e+000,1.378621e-005
3.263000e+000,6.400842e-006
3.264000e+000,-1.810515e-005
3.265000e+000,-3.992555e-005
3.266000e+000,5.393748e-006
3.267000e+000,2.788555e-005
3.268000e+000,2.754985e-005
3.269000e+000,6.400842e-006
3.270000e+000,1.210772e-005
3.271000e+000,2.251437e-005
3.272000e+000,7.743638e-006
3.273000e+000,1.177202e-005
3.274000e+000,5.058050e-006
3.275000e+000,-4.341509e-006
3.276000e+000,-1.911224e-005
3.277000e+000,-1.474816e-005
3.278000e+000,6.736540e-006
3.279000e+000,1.378621e-005
3.280000e+000,3.715257e-006
3.281000e+000,8.079336e-006
3.282000e+000,-4.341509e-006
3.283000e+000,-2.045503e-005
3.284000e+000,-3.757566e-005
3.285000e+000,-3.052599e-005
3.286000e+000,-1.306967e-005
3.287000e+000,2.788555e-005
3.288000e+000,1.110062e-005
3.289000e+000,-1.655920e-006
3.290000e+000,-5.684302e-006
3.291000e+000,-2.045503e-005
3.292000e+000,-2.649761e-005
3.293000e+000,-5.348604e-006
3.294000e+000,-2.998713e-006
3.295000e+000,-1.655920e-006
3.296000e+000,3.715257e-006
3.297000e+000,4.386653e-006
3.298000e+000,-7.027094e-006
3.299000e+000,-3.131279e-007
3.300000e+000,1.546470e-005
3.301000e+000,1.680750e-005
3.302000e+000,1.546470e-005
3.303000e+000,1.915739e-005
3.304000e+000,2.788555e-005
3.305000e+000,9.086431e-006
3.306000e+000,3.582720e-007
3.307000e+000,5.729446e-006
3.308000e+000,3.582720e-007
3.309000e+000,-9.712687e-006
3.310000e+000,-1.239827e-005
3.311000e+000,-3.670113e-006
3.312000e+000,-4.341509e-006
3.313000e+000,-1.139118e-005
3.314000e+000,-1.239827e-005
3.315000e+000,-9.712687e-006
3.316000e+000,-1.038408e-005
3.317000e+000,-1.105548e-005
3.318000e+000,-3.670113e-006
3.319000e+000,1.029668e-006
3.320000e+000,7.407940e-006
3.321000e+000,1.445761e-005
3.322000e+000,1.647180e-005
3.323000e+000,8.079336e-006
3.324000e+000,1.029668e-006
3.325000e+000,-3.131279e-007
3.326000e+000,-9.845241e-007
3.327000e+000,-8.034189e-006
3.328000e+000,-3.670113e-006
3.329000e+000,1.029668e-006
3.330000e+000,-8.705592e-006
3.331000e+000,-1.374106e-005
3.332000e+000,3.715257e-006
3.333000e+000,1.512900e-005
3.334000e+000,2.922834e-005
3.335000e+000,2.519996e-005
3.336000e+000,8.079336e-006
3.337000e+000,1.701065e-006
3.338000e+000,3.715257e-006
3.339000e+000,-1.655920e-006
3.340000e+000,-9.376988e-006
3.341000e+000,-4.596812e-005
3.342000e+000,-7.047411e-005
3.343000e+000,-2.884749e-005
3.344000e+000,1.512900e-005
3.345000e+000,6.078400e-005
3.346000e+000,7.454764e-005
3.347000e+000,6.649087e-005
3.348000e+000,3.325672e-005
3.349000e+000,7.743638e-006
3.350000e+000,-3.321158e-005
3.351000e+000,-4.798231e-005
3.352000e+000,-2.582621e-005
3.353000e+000,-1.206257e-005
3.354000e+000,-9.712687e-006
3.355000e+000,3.715257e-006
3.356000e+000,1.580040e-005
3.357000e+000,-3.131279e-007
3.358000e+000,-2.314063e-005
3.359000e+000,-2.314063e-005
3.360000e+000,-2.112643e-005
3.361000e+000,-2.179783e-005
3.362000e+000,-1.172688e-005
3.363000e+000,2.050018e-005
3.364000e+000,1.915739e-005
3.365000e+000,8.415034e-006
3.366000e+000,-2.327317e-006
3.367000e+000,-2.998713e-006
3.368000e+000,1.949308e-005
3.369000e+000,9.757827e-006
3.370000e+000,-1.991619e-006
3.371000e+000,-4.677207e-006
3.372000e+000,-7.362792e-006
3.373000e+000,-2.663015e-006
3.374000e+000,3.715257e-006
3.375000e+000,2.036763e-006
3.376000e+000,1.029668e-006
3.377000e+000,-2.998713e-006
3.378000e+000,-7.362792e-006
3.379000e+000,-3.131279e-007
3.380000e+000,-4.341509e-006
3.381000e+000,-2.327317e-006
3.382000e+000,-6.020000e-006
3.383000e+000,7.743638e-006
3.384000e+000,3.582720e-007
3.385000e+000,-1.877654e-005
3.386000e+000,-9.041290e-006
3.387000e+000,1.177202e-005
3.388000e+000,2.217867e-005
3.389000e+000,1.009353e-005
3.390000e+000,9.086431e-006
3.391000e+000,1.311481e-005
3.392000e+000,9.757827e-006
3.393000e+000,8.415034e-006
3.394000e+000,6.400842e-006
3.395000e+000,3.043857e-006
3.396000e+000,-4.341509e-006
3.397000e+000,-6.020000e-006
3.398000e+000,-7.362792e-006
3.399000e+000,-1.139118e-005
3.400000e+000,-1.541955e-005
3.401000e+000,-2.314063e-005
3.402000e+000,-1.944794e-005
3.403000e+000,-7.027094e-006
3.404000e+000,1.982878e-005
3.405000e+000,2.486426e-005
3.406000e+000,2.372461e-006
3.407000e+000,-1.306967e-005
3.408000e+000,-1.877654e-005
3.409000e+000,-1.038408e-005
3.410000e+000,-2.998713e-006
3.411000e+000,1.277911e-005
3.412000e+000,3.325672e-005
3.413000e+000,4.467047e-005
3.414000e+000,-1.004838e-005
3.415000e+000,-3.925415e-005
3.416000e+000,3.715257e-006
3.417000e+000,3.191393e-005
3.418000e+000,2.855694e-005
3.419000e+000,2.989974e-005
3.420000e+000,3.426382e-005
3.421000e+000,1.277911e-005
3.422000e+000,2.519996e-005
3.423000e+000,1.546470e-005
3.424000e+000,-1.541955e-005
3.425000e+000,-3.858275e-005
3.426000e+000,-3.992555e-005
3.427000e+000,-2.448342e-005
3.428000e+000,-2.045503e-005
3.429000e+000,-9.712687e-006
3.430000e+000,-3.670113e-006
3.431000e+000,-1.991619e-006
3.432000e+000,-1.105548e-005
3.433000e+000,-2.414772e-005
3.434000e+000,-2.314063e-005
3.435000e+000,-2.179783e-005
3.436000e+000,-2.616191e-005
3.437000e+000,-1.441246e-005
3.438000e+000,-2.327317e-006
3.439000e+000,3.715257e-006
3.440000e+000,7.407940e-006
3.441000e+000,1.042922e-005
3.442000e+000,1.580040e-005
3.443000e+000,1.580040e-005
3.444000e+000,1.244342e-005
3.445000e+000,2.117158e-005
3.446000e+000,1.177202e-005
3.447000e+000,-1.071978e-005
3.448000e+000,-1.508386e-005
3.449000e+000,-1.340537e-005
3.450000e+000,-1.655920e-006
3.451000e+000,2.251437e-005
3.452000e+000,4.131349e-005
3.453000e+000,2.922834e-005
3.454000e+000,4.386653e-006
3.455000e+000,-7.027094e-006
3.456000e+000,-7.027094e-006
3.457000e+000,-7.362792e-006
3.458000e+000,-3.334415e-006
3.459000e+000,-2.663015e-006
3.460000e+000,3.582720e-007
3.461000e+000,-2.327317e-006
3.462000e+000,-5.684302e-006
3.463000e+000,-1.609096e-005
3.464000e+000,-1.306967e-005
3.465000e+000,2.036763e-006
3.466000e+000,5.058050e-006
3.467000e+000,3.715257e-006
3.468000e+000,1.412191e-005
3.469000e+000,1.546470e-005
3.470000e+000,-9.845241e-007
3.471000e+000,-2.998713e-006
3.472000e+000,-5.012905e-006
3.473000e+000,-8.369887e-006
3.474000e+000,3.582720e-007
3.475000e+000,4.386653e-006
3.476000e+000,-2.784040e-005
3.477000e+000,-3.019029e-005
3.478000e+000,-2.179783e-005
3.479000e+000,-1.239827e-005
3.480000e+000,-2.314063e-005
3.481000e+000,-4.462533e-005
3.482000e+000,-4.328253e-005
3.483000e+000,3.325672e-005
3.484000e+000,8.361149e-005
3.485000e+000,8.898267e-005
3.486000e+000,1.097960e-004
3.487000e+000,7.488333e-005
3.488000e+000,9.422129e-006
3.489000e+000,-3.925415e-005
3.490000e+000,-3.757566e-005
3.491000e+000,-2.448342e-005
3.492000e+000,-1.105548e-005
3.493000e+000,7.743638e-006
3.494000e+000,6.400842e-006
3.495000e+000,2.372461e-006
3.496000e+000,-1.575526e-005
3.497000e+000,-3.455437e-005
3.498000e+000,-3.556146e-005
3.499000e+000,-5.012905e-006
3.500000e+000,-1.273397e-005
3.501000e+000,-1.239827e-005
3.502000e+000,-1.441246e-005
3.503000e+000,-1.709805e-005
3.504000e+000,-2.045503e-005
3.505000e+000,-9.712687e-006
3.506000e+000,9.757827e-006
3.507000e+000,-9.845241e-007
3.508000e+000,-1.239827e-005
3.509000e+000,8.415034e-006
3.510000e+000,1.445761e-005
3.511000e+000,9.086431e-006
3.512000e+000,1.445761e-005
3.513000e+000,1.546470e-005
3.514000e+000,8.750733e-006
3.515000e+000,4.050955e-006
3.516000e+000,-5.684302e-006
3.517000e+000,-5.684302e-006
3.518000e+000,-6.355698e-006
3.519000e+000,3.715257e-006
3.520000e+000,1.277911e-005
3.521000e+000,7.407940e-006
3.522000e+000,4.386653e-006
3.523000e+000,2.708159e-006
3.524000e+000,3.582720e-007
3.525000e+000,3.379555e-006
3.526000e+000,1.781459e-005
3.527000e+000,3.023543e-005
3.528000e+000,1.042922e-005
3.529000e+000,-1.273397e-005
3.530000e+000,-2.448342e-005
3.531000e+000,-3.119739e-005
3.532000e+000,-1.239827e-005
3.533000e+000,-3.670113e-006
3.534000e+000,-2.045503e-005
3.535000e+000,-9.376988e-006
3.536000e+000,-4.341509e-006
3.537000e+000,6.939702e-007
3.538000e+000,1.982878e-005
3.539000e+000,1.848599e-005
3.540000e+000,2.372461e-006
3.541000e+000,-1.676235e-005
3.542000e+000,-2.918319e-005
3.543000e+000,1.029668e-006
3.544000e+000,1.378621e-005
3.545000e+000,-1.508386e-005
3.546000e+000,-1.541955e-005
3.547000e+000,3.715257e-006
3.548000e+000,3.582720e-007
3.549000e+000,-5.684302e-006
3.550000e+000,-2.582621e-005
3.551000e+000,9.757827e-006
3.552000e+000,4.500617e-005
3.553000e+000,4.265628e-005
3.554000e+000,1.982878e-005
3.555000e+000,2.251437e-005
3.556000e+000,2.721415e-005
3.557000e+000,1.076493e-005
3.558000e+000,1.110062e-005
3.559000e+000,3.728510e-005
3.560000e+000,3.728510e-005
3.561000e+000,6.400842e-006
3.562000e+000,-1.709805e-005
3.563000e+000,-4.193974e-005
3.564000e+000,-4.932510e-005
3.565000e+000,-3.925415e-005
3.566000e+000,-3.791136e-005
3.567000e+000,-4.294683e-005
3.568000e+000,-3.153309e-005
3.569000e+000,-1.105548e-005
3.570000e+000,1.029668e-006
3.571000e+000,2.519996e-005
3.572000e+000,2.855694e-005
3.573000e+000,4.634896e-005
3.574000e+000,3.392812e-005
3.575000e+000,1.110062e-005
3.576000e+000,7.407940e-006
3.577000e+000,8.415034e-006
3.578000e+000,1.029668e-006
3.579000e+000,-5.348604e-006
3.580000e+000,-1.038408e-005
3.581000e+000,-1.206257e-005
3.582000e+000,-8.705592e-006
3.583000e+000,-6.355698e-006
3.584000e+000,-6.355698e-006
3.585000e+000,-6.355698e-006
3.586000e+000,-1.105548e-005
3.587000e+000,-2.327317e-006
3.588000e+000,-4.005811e-006
3.589000e+000,-2.998713e-006
3.590000e+000,3.043857e-006
3.591000e+000,-3.670113e-006
3.592000e+000,-1.655920e-006
3.593000e+000,-2.998713e-006
3.594000e+000,-8.369887e-006
3.595000e+000,5.729446e-006
3.596000e+000,1.177202e-005
3.597000e+000,5.393748e-006
3.598000e+000,7.072242e-006
3.599000e+000,2.372461e-006
3.600000e+000,5.058050e-006
3.601000e+000,1.042922e-005
3.602000e+000,5.058050e-006
3.603000e+000,-1.655920e-006
3.604000e+000,-5.012905e-006
3.605000e+000,-6.488260e-007
3.606000e+000,1.110062e-005
3.607000e+000,3.715257e-006
3.608000e+000,1.029668e-006
3.609000e+000,-9.712687e-006
3.610000e+000,-2.448342e-005
3.611000e+000,-2.851180e-005
3.612000e+000,-1.676235e-005
3.613000e+000,1.714319e-005
3.614000e+000,3.582720e-007
3.615000e+000,-8.369887e-006
3.616000e+000,-9.845241e-007
3.617000e+000,-9.376988e-006
3.618000e+000,-6.488260e-007
3.619000e+000,3.582720e-007
3.620000e+000,2.217867e-005
3.621000e+000,1.029668e-006
3.622000e+000,-9.712687e-006
3.623000e+000,1.029668e-006
3.624000e+000,7.072242e-006
3.625000e+000,5.393748e-006
3.626000e+000,1.378621e-005
3.627000e+000,1.915739e-005
3.628000e+000,1.311481e-005
3.629000e+000,3.715257e-006
3.630000e+000,-1.642666e-005
3.631000e+000,-3.656856e-005
3.632000e+000,-8.034189e-006
3.633000e+000,2.519996e-005
3.634000e+000,4.500617e-005
3.635000e+000,3.929929e-005
3.636000e+000,2.083588e-005
3.637000e+000,-1.655920e-006
3.638000e+000,-2.179783e-005
3.639000e+000,-1.911224e-005
3.640000e+000,-2.582621e-005
3.641000e+000,-1.239827e-005
3.642000e+000,9.086431e-006
3.643000e+000,-4.341509e-006
3.644000e+000,-6.355698e-006
3.645000e+000,-5.684302e-006
3.646000e+000,-1.340537e-005
3.647000e+000,-1.273397e-005
3.648000e+000,1.143632e-005
3.649000e+000,1.445761e-005
3.650000e+000,1.781459e-005
3.651000e+000,2.519996e-005
3.652000e+000,3.762080e-005
3.653000e+000,3.057113e-005
3.654000e+000,-7.362792e-006
3.655000e+000,-2.784040e-005
3.656000e+000,-2.314063e-005
3.657000e+000,1.378621e-005
3.658000e+000,6.939702e-007
3.659000e+000,-2.951889e-005
3.660000e+000,-4.462533e-005
3.661000e+000,-3.958985e-005
3.662000e+000,-2.851180e-005
3.663000e+000,-5.684302e-006
3.664000e+000,2.385716e-005
3.665000e+000,6.400842e-006
3.666000e+000,3.043857e-006
3.667000e+000,-1.004838e-005
3.668000e+000,-1.441246e-005
3.669000e+000,-1.105548e-005
3.670000e+000,-1.172688e-005
3.671000e+000,5.393748e-006
3.672000e+000,3.057113e-005
3.673000e+000,3.124253e-005
3.674000e+000,3.124253e-005
3.675000e+000,1.580040e-005
3.676000e+000,9.086431e-006
3.677000e+000,1.042922e-005
3.678000e+000,7.743638e-006
3.679000e+000,2.372461e-006
3.680000e+000,-5.684302e-006
3.681000e+000,-7.362792e-006
3.682000e+000,-1.038408e-005
3.683000e+000,-8.034189e-006
3.684000e+000,-1.004838e-005
3.685000e+000,-8.369887e-006
3.686000e+000,4.050955e-006
3.687000e+000,-1.991619e-006
3.688000e+000,-1.609096e-005
3.689000e+000,-1.172688e-005
3.690000e+000,-1.105548e-005
3.691000e+000,1.848599e-005
3.692000e+000,2.519996e-005
3.693000e+000,-2.716900e-005
3.694000e+000,-6.543863e-005
3.695000e+000,-4.328253e-005
3.696000e+000,7.407940e-006
3.697000e+000,5.709131e-005
3.698000e+000,9.703943e-005
3.699000e+000,9.636804e-005
3.700000e+000,5.541282e-005
3.701000e+000,3.043857e-006
3.702000e+000,-1.105548e-005
3.703000e+000,-1.541955e-005
3.704000e+000,-2.280493e-005
3.705000e+000,-2.649761e-005
3.706000e+000,-2.179783e-005
3.707000e+000,-1.038408e-005
3.708000e+000,-7.027094e-006
3.709000e+000,-1.306967e-005
3.710000e+000,-1.038408e-005
3.711000e+000,-1.273397e-005
3.712000e+000,-1.911224e-005
3.713000e+000,-1.441246e-005
3.714000e+000,-9.712687e-006
3.715000e+000,-7.698490e-006
3.716000e+000,-8.705592e-006
3.717000e+000,-8.705592e-006
3.718000e+000,-8.369887e-006
3.719000e+000,-3.670113e-006
3.720000e+000,-1.991619e-006
3.721000e+000,1.029668e-006
3.722000e+000,-2.663015e-006
3.723000e+000,-7.027094e-006
3.724000e+000,5.058050e-006
3.725000e+000,1.076493e-005
3.726000e+000,7.407940e-006
3.727000e+000,-3.131279e-007
3.728000e+000,-8.369887e-006
3.729000e+000,-2.112643e-005
3.730000e+000,9.086431e-006
3.731000e+000,5.205584e-005
3.732000e+000,4.164918e-005
3.733000e+000,1.445761e-005
3.734000e+000,-1.407676e-005
3.735000e+000,-4.341509e-006
3.736000e+000,-9.041290e-006
3.737000e+000,-1.776945e-005
3.738000e+000,-7.027094e-006
3.739000e+000,-9.041290e-006
3.740000e+000,-1.320222e-006
3.741000e+000,7.407940e-006
3.742000e+000,-9.845241e-007
3.743000e+000,-7.698490e-006
3.744000e+000,-6.355698e-006
3.745000e+000,-2.327317e-006
3.746000e+000,-2.327317e-006
3.747000e+000,3.379555e-006
3.748000e+000,-3.334415e-006
3.749000e+000,1.815029e-005
3.750000e+000,2.721415e-005
3.751000e+000,3.715257e-006
3.752000e+000,-1.776945e-005
3.753000e+000,-1.038408e-005
3.754000e+000,-1.172688e-005
3.755000e+000,-5.684302e-006
3.756000e+000,-1.441246e-005
3.757000e+000,-3.670113e-006
3.758000e+000,1.580040e-005
3.759000e+000,2.257025e-008
3.760000e+000,-3.791136e-005
3.761000e+000,-2.649761e-005
3.762000e+000,-1.172688e-005
3.763000e+000,-3.670113e-006
3.764000e+000,2.989974e-005
3.765000e+000,4.937025e-005
3.766000e+000,3.258533e-005
3.767000e+000,5.058050e-006
3.768000e+000,1.714319e-005
3.769000e+000,3.459952e-005
3.770000e+000,3.191393e-005
3.771000e+000,3.997069e-005
3.772000e+000,3.292102e-005
3.773000e+000,6.400842e-006
3.774000e+000,6.065144e-006
3.775000e+000,-8.705592e-006
3.776000e+000,-2.079073e-005
3.777000e+000,-2.851180e-005
3.778000e+000,-3.522577e-005
3.779000e+000,-2.851180e-005
3.780000e+000,-2.112643e-005
3.781000e+000,-2.314063e-005
3.782000e+000,-1.944794e-005
3.783000e+000,-1.374106e-005
3.784000e+000,-9.376988e-006
3.785000e+000,-1.655920e-006
3.786000e+000,3.582720e-007
3.787000e+000,-1.991619e-006
3.788000e+000,-2.998713e-006
3.789000e+000,-2.998713e-006
3.790000e+000,1.701065e-006
3.791000e+000,1.701065e-006
3.792000e+000,-2.327317e-006
3.793000e+000,3.043857e-006
3.794000e+000,2.372461e-006
3.795000e+000,-3.670113e-006
3.796000e+000,-8.369887e-006
3.797000e+000,-7.027094e-006
3.798000e+000,-7.027094e-006
3.799000e+000,2.372461e-006
3.800000e+000,1.815029e-005
3.801000e+000,2.083588e-005
3.802000e+000,1.177202e-005
3.803000e+000,7.072242e-006
3.804000e+000,1.244342e-005
3.805000e+000,3.043857e-006
3.806000e+000,1.701065e-006
3.807000e+000,1.029668e-006
3.808000e+000,-6.020000e-006
3.809000e+000,-5.684302e-006
3.810000e+000,-1.655920e-006
3.811000e+000,2.989974e-005
3.812000e+000,3.090683e-005
3.813000e+000,1.546470e-005
3.814000e+000,-2.998713e-006
3.815000e+000,-3.052599e-005
3.816000e+000,-3.455437e-005
3.817000e+000,-2.179783e-005
3.818000e+000,-1.273397e-005
3.819000e+000,-7.027094e-006
3.820000e+000,-7.698490e-006
3.821000e+000,5.058050e-006
3.822000e+000,8.750733e-006
3.823000e+000,6.065144e-006
3.824000e+000,2.257025e-008
3.825000e+000,-1.206257e-005
3.826000e+000,-6.020000e-006
3.827000e+000,-2.045503e-005
3.828000e+000,-5.684302e-006
3.829000e+000,2.922834e-005
3.830000e+000,6.212679e-005
3.831000e+000,5.172014e-005
3.832000e+000,2.318577e-005
3.833000e+000,-6.020000e-006
3.834000e+000,-1.105548e-005
3.835000e+000,-1.306967e-005
3.836000e+000,-1.743375e-005
3.837000e+000,-2.045503e-005
3.838000e+000,-3.421867e-005
3.839000e+000,-4.865371e-005
3.840000e+000,-1.273397e-005
3.841000e+000,2.519996e-005
3.842000e+000,3.426382e-005
3.843000e+000,3.057113e-005
3.844000e+000,2.217867e-005
3.845000e+000,1.982878e-005
3.846000e+000,-1.844085e-005
3.847000e+000,-3.186879e-005
3.848000e+000,-2.616191e-005
3.849000e+000,-1.911224e-005
3.850000e+000,-2.327317e-006
3.851000e+000,2.217867e-005
3.852000e+000,2.754985e-005
3.853000e+000,5.393748e-006
3.854000e+000,-1.105548e-005
3.855000e+000,-4.677207e-006
3.856000e+000,-7.027094e-006
3.857000e+000,-2.327317e-006
3.858000e+000,2.372461e-006
3.859000e+000,5.058050e-006
3.860000e+000,2.721415e-005
3.861000e+000,2.519996e-005
3.862000e+000,9.757827e-006
3.863000e+000,-8.369887e-006
3.864000e+000,-4.341509e-006
3.865000e+000,-8.369887e-006
3.866000e+000,-9.712687e-006
3.867000e+000,3.715257e-006
3.868000e+000,-7.698490e-006
3.869000e+000,-1.374106e-005
3.870000e+000,-5.684302e-006
3.871000e+000,1.701065e-006
3.872000e+000,4.722351e-006
3.873000e+000,2.372461e-006
3.874000e+000,-9.845241e-007
3.875000e+000,-6.355698e-006
3.876000e+000,1.701065e-006
3.877000e+000,1.747889e-005
3.878000e+000,-1.655920e-006
3.879000e+000,-2.011934e-005
3.880000e+000,-2.918319e-005
3.881000e+000,-3.019029e-005
3.882000e+000,-1.172688e-005
3.883000e+000,-2.327317e-006
3.884000e+000,2.372461e-006
3.885000e+000,-6.691396e-006
3.886000e+000,-4.677207e-006
3.887000e+000,-2.327317e-006
3.888000e+000,6.400842e-006
3.889000e+000,1.277911e-005
3.890000e+000,2.889264e-005
3.891000e+000,4.265628e-005
3.892000e+000,2.385716e-005
3.893000e+000,1.029668e-006
3.894000e+000,-9.712687e-006
3.895000e+000,6.400842e-006
3.896000e+000,2.708159e-006
3.897000e+000,1.378621e-005
3.898000e+000,1.982878e-005
3.899000e+000,9.757827e-006
3.900000e+000,6.939702e-007
3.901000e+000,-5.684302e-006
3.902000e+000,-8.369887e-006
3.903000e+000,-9.712687e-006
3.904000e+000,-9.712687e-006
3.905000e+000,6.939702e-007
3.906000e+000,-9.845241e-007
3.907000e+000,-5.684302e-006
3.908000e+000,5.058050e-006
3.909000e+000,4.386653e-006
3.910000e+000,-5.684302e-006
3.911000e+000,-3.690426e-005
3.912000e+000,-7.752378e-005
3.913000e+000,-2.985460e-005
3.914000e+000,1.345051e-005
3.915000e+000,3.493521e-005
3.916000e+000,4.097779e-005
3.917000e+000,4.097779e-005
3.918000e+000,2.452856e-005
3.919000e+000,-1.776945e-005
3.920000e+000,-3.690426e-005
3.921000e+000,-2.045503e-005
3.922000e+000,-9.845241e-007
3.923000e+000,5.729446e-006
3.924000e+000,2.519996e-005
3.925000e+000,6.078400e-005
3.926000e+000,3.929929e-005
3.927000e+000,1.277911e-005
3.928000e+000,-1.273397e-005
3.929000e+000,-1.474816e-005
3.930000e+000,-1.844085e-005
3.931000e+000,-2.314063e-005
3.932000e+000,-1.911224e-005
3.933000e+000,-8.369887e-006
3.934000e+000,-8.369887e-006
3.935000e+000,-1.239827e-005
3.936000e+000,-1.004838e-005
3.937000e+000,-2.663015e-006
3.938000e+000,6.939702e-007
3.939000e+000,-7.362792e-006
3.940000e+000,-7.027094e-006
3.941000e+000,3.715257e-006
3.942000e+000,1.311481e-005
3.943000e+000,8.750733e-006
3.944000e+000,1.701065e-006
3.945000e+000,3.379555e-006
3.946000e+000,3.715257e-006
3.947000e+000,-6.020000e-006
3.948000e+000,-1.655920e-006
3.949000e+000,2.708159e-006
3.950000e+000,-3.131279e-007
3.951000e+000,-9.712687e-006
3.952000e+000,-1.239827e-005
3.953000e+000,-2.998713e-006
3.954000e+000,1.311481e-005
3.955000e+000,6.400842e-006
3.956000e+000,9.086431e-006
3.957000e+000,1.701065e-006
3.958000e+000,-7.698490e-006
3.959000e+000,6.400842e-006
3.960000e+000,1.580040e-005
3.961000e+000,9.086431e-006
3.962000e+000,-4.677207e-006
3.963000e+000,-5.684302e-006
3.964000e+000,9.757827e-006
3.965000e+000,1.949308e-005
3.966000e+000,1.781459e-005
3.967000e+000,-9.845241e-007
3.968000e+000,-3.522577e-005
3.969000e+000,-4.999650e-005
3.970000e+000,-3.321158e-005
3.971000e+000,9.086431e-006
3.972000e+000,2.855694e-005
3.973000e+000,1.512900e-005
3.974000e+000,1.580040e-005
3.975000e+000,9.757827e-006
3.976000e+000,5.058050e-006
3.977000e+000,4.386653e-006
3.978000e+000,2.372461e-006
3.979000e+000,-1.306967e-005
3.980000e+000,-1.944794e-005
3.981000e+000,5.058050e-006
3.982000e+000,1.479331e-005
3.983000e+000,3.325672e-005
3.984000e+000,7.072242e-006
3.985000e+000,-2.582621e-005
3.986000e+000,-5.133930e-005
3.987000e+000,-7.416679e-005
3.988000e+000,-2.179783e-005
3.989000e+000,3.493521e-005
3.990000e+000,6.481238e-005
3.991000e+000,7.824032e-005
3.992000e+000,7.286914e-005
3.993000e+000,1.815029e-005
3.994000e+000,-1.541955e-005
3.995000e+000,-1.172688e-005
3.996000e+000,-9.845241e-007
3.997000e+000,4.386653e-006
3.998000e+000,1.009353e-005
3.999000e+000,-3.334415e-006
4.000000e+000,-1.206257e-005
4.001000e+000,-9.712687e-006
4.002000e+000,-6.691396e-006
4.003000e+000,-1.575526e-005
4.004000e+000,-1.911224e-005
4.005000e+000,-3.119739e-005
4.006000e+000,-1.374106e-005
4.007000e+000,-2.998713e-006
4.008000e+000,-2.683331e-005
4.009000e+000,-1.441246e-005
4.010000e+000,-1.239827e-005
4.011000e+000,-1.743375e-005
4.012000e+000,-2.045503e-005
4.013000e+000,-1.655920e-006
4.014000e+000,2.519996e-005
4.015000e+000,2.352146e-005
4.016000e+000,5.729446e-006
4.017000e+000,3.582720e-007
4.018000e+000,-2.998713e-006
4.019000e+000,2.372461e-006
4.020000e+000,1.512900e-005
4.021000e+000,8.415034e-006
4.022000e+000,7.072242e-006
4.023000e+000,7.072242e-006
4.024000e+000,8.079336e-006
4.025000e+000,3.582720e-007
4.026000e+000,5.058050e-006
4.027000e+000,6.939702e-007
4.028000e+000,-3.670113e-006
4.029000e+000,-2.998713e-006
4.030000e+000,-4.341509e-006
4.031000e+000,5.729446e-006
4.032000e+000,-5.012905e-006
4.033000e+000,-1.038408e-005
4.034000e+000,-9.712687e-006
4.035000e+000,-9.376988e-006
4.036000e+000,-6.691396e-006
4.037000e+000,-6.355698e-006
4.038000e+000,7.743638e-006
4.039000e+000,3.057113e-005
4.040000e+000,1.915739e-005
4.041000e+000,1.177202e-005
4.042000e+000,5.058050e-006
4.043000e+000,-8.369887e-006
4.044000e+000,-1.508386e-005
4.045000e+000,-5.684302e-006
4.046000e+000,3.582720e-007
4.047000e+000,-1.273397e-005
4.048000e+000,-8.034189e-006
4.049000e+000,7.072242e-006
4.050000e+000,1.378621e-005
4.051000e+000,1.177202e-005
4.052000e+000,2.036763e-006
4.053000e+000,3.582720e-007
4.054000e+000,-2.011934e-005
4.055000e+000,-3.421867e-005
4.056000e+000,-2.582621e-005
4.057000e+000,-5.684302e-006
4.058000e+000,-8.369887e-006
4.059000e+000,-3.992555e-005
4.060000e+000,3.582720e-007
4.061000e+000,5.306293e-005
4.062000e+000,7.723322e-005
4.063000e+000,6.682657e-005
4.064000e+000,4.601326e-005
4.065000e+000,1.815029e-005
4.066000e+000,-1.709805e-005
4.067000e+000,-4.798231e-005
4.068000e+000,-5.738186e-005
4.069000e+000,-2.985460e-005
4.070000e+000,-1.743375e-005
4.071000e+000,-1.340537e-005
4.072000e+000,2.385716e-005
4.073000e+000,5.709131e-005
4.074000e+000,2.184297e-005
4.075000e+000,6.400842e-006
4.076000e+000,1.412191e-005
4.077000e+000,-8.034189e-006
4.078000e+000,-1.038408e-005
4.079000e+000,1.029668e-006
4.080000e+000,1.378621e-005
4.081000e+000,-2.998713e-006
4.082000e+000,-2.045503e-005
4.083000e+000,-2.716900e-005
4.084000e+000,-2.246922e-005
4.085000e+000,-2.414772e-005
4.086000e+000,-5.348604e-006
4.087000e+000,1.277911e-005
4.088000e+000,1.177202e-005
4.089000e+000,2.083588e-005
4.090000e+000,1.512900e-005
4.091000e+000,4.722351e-006
4.092000e+000,-2.327317e-006
4.093000e+000,-1.105548e-005
4.094000e+000,-1.407676e-005
4.095000e+000,-5.684302e-006
4.096000e+000,1.714319e-005
4.097000e+000,-1.655920e-006
4.098000e+000,-1.844085e-005
4.099000e+000,-1.944794e-005
4.100000e+000,-3.131279e-007
4.101000e+000,9.086431e-006
4.102000e+000,3.715257e-006
4.103000e+000,1.365366e-006
4.104000e+000,1.378621e-005
4.105000e+000,9.757827e-006
4.106000e+000,5.058050e-006
4.107000e+000,-2.327317e-006
4.108000e+000,-2.884749e-005
4.109000e+000,-2.314063e-005
4.110000e+000,-1.038408e-005
4.111000e+000,-7.027094e-006
4.112000e+000,7.072242e-006
4.113000e+000,9.757827e-006
4.114000e+000,2.519996e-005
4.115000e+000,3.325672e-005
4.116000e+000,2.620705e-005
4.117000e+000,1.277911e-005
4.118000e+000,9.086431e-006
4.119000e+000,1.009353e-005
4.120000e+000,1.042922e-005
4.121000e+000,-3.131279e-007
4.122000e+000,-8.369887e-006
4.123000e+000,-9.712687e-006
4.124000e+000,-9.712687e-006
4.125000e+000,-5.684302e-006
4.126000e+000,-4.341509e-006
4.127000e+000,-1.655920e-006
4.128000e+000,-7.698490e-006
4.129000e+000,-5.301779e-005
4.130000e+000,-9.967987e-005
4.131000e+000,-4.227543e-005
4.132000e+000,1.445761e-005
4.133000e+000,3.527091e-005
4.134000e+000,4.534187e-005
4.135000e+000,5.574852e-005
4.136000e+000,5.507712e-005
4.137000e+000,3.325672e-005
4.138000e+000,-3.670113e-006
4.139000e+000,-1.004838e-005
4.140000e+000,-3.019029e-005
4.141000e+000,-4.261113e-005
4.142000e+000,-2.347632e-005
4.143000e+000,2.036763e-006
4.144000e+000,2.318577e-005
4.145000e+000,1.714319e-005
4.146000e+000,5.071304e-005
4.147000e+000,2.117158e-005
4.148000e+000,-6.355698e-006
4.149000e+000,-5.012905e-006
4.150000e+000,-5.684302e-006
4.151000e+000,-8.034189e-006
4.152000e+000,-9.041290e-006
4.153000e+000,-1.172688e-005
4.154000e+000,-7.027094e-006
4.155000e+000,-1.239827e-005
4.156000e+000,-1.655920e-006
4.157000e+000,-6.355698e-006
4.158000e+000,-1.655920e-006
4.159000e+000,-1.239827e-005
4.160000e+000,-2.112643e-005
4.161000e+000,5.729446e-006
4.162000e+000,1.647180e-005
4.163000e+000,2.217867e-005
4.164000e+000,3.715257e-006
4.165000e+000,1.915739e-005
4.166000e+000,2.922834e-005
4.167000e+000,1.110062e-005
4.168000e+000,3.043857e-006
4.169000e+000,-7.027094e-006
4.170000e+000,-1.642666e-005
4.171000e+000,-9.041290e-006
4.172000e+000,2.372461e-006
4.173000e+000,-6.488260e-007
4.174000e+000,-1.541955e-005
4.175000e+000,-6.778852e-005
4.176000e+000,-1.080723e-004
4.177000e+000,-4.966080e-005
4.178000e+000,3.594231e-005
4.179000e+000,7.085495e-005
4.180000e+000,6.951216e-005
4.181000e+000,4.802746e-005
4.182000e+000,2.251437e-005
4.183000e+000,2.372461e-006
4.184000e+000,2.251437e-005
4.185000e+000,1.311481e-005
4.186000e+000,6.400842e-006
4.187000e+000,1.781459e-005
4.188000e+000,-3.334415e-006
4.189000e+000,-1.239827e-005
4.190000e+000,-1.441246e-005
4.191000e+000,-1.709805e-005
4.192000e+000,-1.944794e-005
4.193000e+000,-2.213352e-005
4.194000e+000,-1.709805e-005
4.195000e+000,3.715257e-006
4.196000e+000,4.722351e-006
4.197000e+000,-1.991619e-006
4.198000e+000,-7.027094e-006
4.199000e+000,6.065144e-006
4.200000e+000,2.036763e-006
4.201000e+000,2.372461e-006
4.202000e+000,3.582720e-007
4.203000e+000,-3.670113e-006
4.204000e+000,-5.684302e-006
4.205000e+000,1.029668e-006
4.206000e+000,2.385716e-005
4.207000e+000,1.613610e-005
4.208000e+000,-2.998713e-006
4.209000e+000,-1.911224e-005
4.210000e+000,-2.784040e-005
4.211000e+000,-2.246922e-005
4.212000e+000,-1.642666e-005
4.213000e+000,5.058050e-006
4.214000e+000,1.445761e-005
4.215000e+000,7.743638e-006
4.216000e+000,5.058050e-006
4.217000e+000,6.400842e-006
4.218000e+000,7.407940e-006
4.219000e+000,7.743638e-006
4.220000e+000,-2.663015e-006
4.221000e+000,-7.027094e-006
4.222000e+000,1.701065e-006
4.223000e+000,1.701065e-006
4.224000e+000,-7.027094e-006
4.225000e+000,-8.705592e-006
4.226000e+000,-5.684302e-006
4.227000e+000,2.372461e-006
4.228000e+000,5.393748e-006
4.229000e+000,2.721415e-005
4.230000e+000,3.258533e-005
4.231000e+000,7.407940e-006
4.232000e+000,-1.038408e-005
4.233000e+000,-9.712687e-006
4.234000e+000,-9.845241e-007
4.235000e+000,-3.131279e-007
4.236000e+000,2.708159e-006
4.237000e+000,-3.334415e-006
4.238000e+000,-3.670113e-006
4.239000e+000,-2.327317e-006
4.240000e+000,1.177202e-005
4.241000e+000,1.848599e-005
4.242000e+000,5.058050e-006
4.243000e+000,5.729446e-006
4.244000e+000,-1.038408e-005
4.245000e+000,-7.362792e-006
4.246000e+000,-2.179783e-005
4.247000e+000,-2.314063e-005
4.248000e+000,5.729446e-006
4.249000e+000,2.922834e-005
4.250000e+000,2.184297e-005
4.251000e+000,-1.038408e-005
4.252000e+000,-2.851180e-005
4.253000e+000,-4.932510e-005
4.254000e+000,-3.992555e-005
4.255000e+000,-1.655920e-006
4.256000e+000,4.399907e-005
4.257000e+000,4.232058e-005
4.258000e+000,2.754985e-005
4.259000e+000,3.224963e-005
4.260000e+000,1.647180e-005
4.261000e+000,2.117158e-005
4.262000e+000,1.781459e-005
4.263000e+000,-7.027094e-006
4.264000e+000,-8.369887e-006
4.265000e+000,-5.012905e-006
4.266000e+000,-1.541955e-005
4.267000e+000,-2.079073e-005
4.268000e+000,-2.246922e-005
4.269000e+000,-1.676235e-005
4.270000e+000,-1.991619e-006
4.271000e+000,2.318577e-005
4.272000e+000,2.788555e-005
4.273000e+000,2.257025e-008
4.274000e+000,-1.676235e-005
4.275000e+000,-2.884749e-005
4.276000e+000,-3.186879e-005
4.277000e+000,-2.616191e-005
4.278000e+000,-1.374106e-005
4.279000e+000,-4.341509e-006
4.280000e+000,-9.845241e-007
4.281000e+000,-1.655920e-006
4.282000e+000,-9.845241e-007
4.283000e+000,6.400842e-006
4.284000e+000,3.715257e-006
4.285000e+000,2.372461e-006
4.286000e+000,-2.998713e-006
4.287000e+000,-3.131279e-007
4.288000e+000,3.379555e-006
4.289000e+000,4.386653e-006
4.290000e+000,5.729446e-006
4.291000e+000,1.311481e-005
4.292000e+000,1.177202e-005
4.293000e+000,2.372461e-006
4.294000e+000,-6.355698e-006
4.295000e+000,-5.684302e-006
4.296000e+000,4.050955e-006
4.297000e+000,4.386653e-006
4.298000e+000,-8.369887e-006
4.299000e+000,-9.376988e-006
4.300000e+000,-9.845241e-007
4.301000e+000,1.029668e-006
4.302000e+000,8.079336e-006
4.303000e+000,1.647180e-005
4.304000e+000,3.493521e-005
4.305000e+000,4.131349e-005
4.306000e+000,2.788555e-005
4.307000e+000,-3.131279e-007
4.308000e+000,-1.172688e-005
4.309000e+000,-1.105548e-005
4.310000e+000,-8.705592e-006
4.311000e+000,-8.705592e-006
4.312000e+000,-6.355698e-006
4.313000e+000,-1.172688e-005
4.314000e+000,-9.712687e-006
4.315000e+000,-1.609096e-005
4.316000e+000,-1.877654e-005
4.317000e+000,-1.306967e-005
4.318000e+000,4.386653e-006
4.319000e+000,1.580040e-005
4.320000e+000,-2.716900e-005
4.321000e+000,-7.383109e-005
4.322000e+000,-4.093264e-005
4.323000e+000,1.445761e-005
4.324000e+000,5.843411e-005
4.325000e+000,7.454764e-005
4.326000e+000,4.735606e-005
4.327000e+000,1.982878e-005
4.328000e+000,2.372461e-006
4.329000e+000,1.378621e-005
4.330000e+000,1.009353e-005
4.331000e+000,9.086431e-006
4.332000e+000,9.757827e-006
4.333000e+000,9.086431e-006
4.334000e+000,8.415034e-006
4.335000e+000,6.400842e-006
4.336000e+000,-1.776945e-005
4.337000e+000,-5.671047e-005
4.338000e+000,-6.006746e-005
4.339000e+000,-3.489007e-005
4.340000e+000,6.065144e-006
4.341000e+000,1.177202e-005
4.342000e+000,-2.327317e-006
4.343000e+000,6.065144e-006
4.344000e+000,1.009353e-005
4.345000e+000,7.072242e-006
4.346000e+000,-4.341509e-006
4.347000e+000,-2.998713e-006
4.348000e+000,-4.341509e-006
4.349000e+000,-5.012905e-006
4.350000e+000,-1.407676e-005
4.351000e+000,-9.712687e-006
4.352000e+000,7.407940e-006
4.353000e+000,3.963499e-005
4.354000e+000,1.714319e-005
4.355000e+000,2.036763e-006
4.356000e+000,1.029668e-006
4.357000e+000,-2.649761e-005
4.358000e+000,-2.448342e-005
4.359000e+000,-1.709805e-005
4.360000e+000,-5.348604e-006
4.361000e+000,-6.355698e-006
4.362000e+000,-2.998713e-006
4.363000e+000,1.747889e-005
4.364000e+000,4.131349e-005
4.365000e+000,3.762080e-005
4.366000e+000,1.580040e-005
4.367000e+000,-2.998713e-006
4.368000e+000,-2.663015e-006
4.369000e+000,-4.341509e-006
4.370000e+000,-7.027094e-006
4.371000e+000,-3.334415e-006
4.372000e+000,3.582720e-007
4.373000e+000,1.311481e-005
4.374000e+000,8.415034e-006
4.375000e+000,-3.131279e-007
4.376000e+000,-9.041290e-006
4.377000e+000,-1.239827e-005
4.378000e+000,-2.213352e-005
4.379000e+000,-2.448342e-005
4.380000e+000,-1.004838e-005
4.381000e+000,9.757827e-006
4.382000e+000,1.949308e-005
4.383000e+000,1.647180e-005
4.384000e+000,2.708159e-006
4.385000e+000,-2.582621e-005
4.386000e+000,-2.045503e-005
4.387000e+000,-3.992555e-005
4.388000e+000,-7.752378e-005
4.389000e+000,-1.172688e-005
4.390000e+000,6.816936e-005
4.391000e+000,8.696848e-005
4.392000e+000,4.399907e-005
4.393000e+000,2.788555e-005
4.394000e+000,2.519996e-005
4.395000e+000,-3.131279e-007
4.396000e+000,-6.488260e-007
4.397000e+000,4.386653e-006
4.398000e+000,-5.684302e-006
4.399000e+000,-9.041290e-006
4.400000e+000,-7.027094e-006
4.401000e+000,1.365366e-006
4.402000e+000,-5.012905e-006
4.403000e+000,-1.239827e-005
4.404000e+000,-1.105548e-005
4.405000e+000,-1.105548e-005
4.406000e+000,-7.698490e-006
4.407000e+000,-1.004838e-005
4.408000e+000,-1.105548e-005
4.409000e+000,-8.705592e-006
4.410000e+000,-7.027094e-006
4.411000e+000,-3.670113e-006
4.412000e+000,-7.027094e-006
4.413000e+000,-8.369887e-006
4.414000e+000,-6.355698e-006
4.415000e+000,-5.684302e-006
4.416000e+000,-1.374106e-005
4.417000e+000,-9.712687e-006
4.418000e+000,-1.441246e-005
4.419000e+000,-1.508386e-005
4.420000e+000,2.036763e-006
4.421000e+000,2.654275e-005
4.422000e+000,1.647180e-005
4.423000e+000,1.445761e-005
4.424000e+000,2.989974e-005
4.425000e+000,3.392812e-005
4.426000e+000,3.191393e-005
4.427000e+000,-3.670113e-006
4.428000e+000,-3.589716e-005
4.429000e+000,-3.086169e-005
4.430000e+000,-1.575526e-005
4.431000e+000,9.086431e-006
4.432000e+000,1.580040e-005
4.433000e+000,1.177202e-005
4.434000e+000,1.311481e-005
4.435000e+000,1.365366e-006
4.436000e+000,-1.273397e-005
4.437000e+000,-1.642666e-005
4.438000e+000,-1.340537e-005
4.439000e+000,-9.712687e-006
4.440000e+000,-1.991619e-006
4.441000e+000,1.277911e-005
4.442000e+000,1.848599e-005
4.443000e+000,6.400842e-006
4.444000e+000,-2.998713e-006
4.445000e+000,-1.374106e-005
4.446000e+000,-2.112643e-005
4.447000e+000,-2.582621e-005
4.448000e+000,-1.105548e-005
4.449000e+000,1.177202e-005
4.450000e+000,3.057113e-005
4.451000e+000,5.138444e-005
4.452000e+000,3.527091e-005
4.453000e+000,1.512900e-005
4.454000e+000,-3.131279e-007
4.455000e+000,-1.139118e-005
4.456000e+000,-5.684302e-006
4.457000e+000,-3.670113e-006
4.458000e+000,3.582720e-007
4.459000e+000,1.029668e-006
4.460000e+000,-9.712687e-006
4.461000e+000,-1.810515e-005
4.462000e+000,-1.172688e-005
4.463000e+000,-1.374106e-005
4.464000e+000,-1.105548e-005
4.465000e+000,-1.991619e-006
4.466000e+000,-9.845241e-007
4.467000e+000,6.939702e-007
4.468000e+000,-3.131279e-007
4.469000e+000,-1.239827e-005
4.470000e+000,-6.107455e-005
4.471000e+000,-4.999650e-005
4.472000e+000,8.750733e-006
4.473000e+000,4.836315e-005
4.474000e+000,6.246249e-005
4.475000e+000,5.474142e-005
4.476000e+000,2.050018e-005
4.477000e+000,-7.027094e-006
4.478000e+000,-7.027094e-006
4.479000e+000,-1.776945e-005
4.480000e+000,-2.079073e-005
4.481000e+000,1.445761e-005
4.482000e+000,4.467047e-005
4.483000e+000,3.124253e-005
4.484000e+000,9.757827e-006
4.485000e+000,-1.655920e-006
4.486000e+000,-4.677207e-006
4.487000e+000,-4.005811e-006
4.488000e+000,-1.655920e-006
4.489000e+000,-1.642666e-005
4.490000e+000,-1.709805e-005
4.491000e+000,-1.642666e-005
4.492000e+000,-1.306967e-005
4.493000e+000,-7.027094e-006
4.494000e+000,-1.374106e-005
4.495000e+000,-1.709805e-005
4.496000e+000,-1.776945e-005
4.497000e+000,-6.020000e-006
4.498000e+000,-1.105548e-005
4.499000e+000,-2.381202e-005
4.500000e+000,-2.314063e-005
4.501000e+000,1.029668e-006
4.502000e+000,2.620705e-005
4.503000e+000,7.407940e-006
4.504000e+000,1.378621e-005
4.505000e+000,-8.705592e-006
4.506000e+000,-9.845241e-007
4.507000e+000,3.023543e-005
4.508000e+000,3.560661e-005
4.509000e+000,4.332768e-005
4.510000e+000,3.694940e-005
4.511000e+000,1.177202e-005
4.512000e+000,-1.105548e-005
4.513000e+000,-1.239827e-005
4.514000e+000,-1.273397e-005
4.515000e+000,-1.306967e-005
4.516000e+000,-1.239827e-005
4.517000e+000,-3.670113e-006
4.518000e+000,7.072242e-006
4.519000e+000,7.407940e-006
4.520000e+000,1.680750e-005
4.521000e+000,1.781459e-005
4.522000e+000,-2.998713e-006
4.523000e+000,-2.179783e-005
4.524000e+000,-3.656856e-005
4.525000e+000,-3.254018e-005
4.526000e+000,1.029668e-006
4.527000e+000,-6.020000e-006
4.528000e+000,-1.172688e-005
4.529000e+000,-2.327317e-006
4.530000e+000,3.582720e-007
4.531000e+000,-1.105548e-005
4.532000e+000,-1.374106e-005
4.533000e+000,-3.131279e-007
4.534000e+000,7.072242e-006
4.535000e+000,1.378621e-005
4.536000e+000,1.848599e-005
4.537000e+000,1.815029e-005
4.538000e+000,1.076493e-005
4.539000e+000,7.072242e-006
4.540000e+000,1.378621e-005
4.541000e+000,1.029668e-006
4.542000e+000,1.701065e-006
4.543000e+000,4.722351e-006
4.544000e+000,4.386653e-006
4.545000e+000,-2.146213e-005
4.546000e+000,-4.663952e-005
4.547000e+000,-2.817610e-005
4.548000e+000,1.277911e-005
4.549000e+000,2.989974e-005
4.550000e+000,2.486426e-005
4.551000e+000,3.997069e-005
4.552000e+000,2.117158e-005
4.553000e+000,6.065144e-006
4.554000e+000,1.512900e-005
4.555000e+000,1.042922e-005
4.556000e+000,1.277911e-005
4.557000e+000,-1.655920e-006
4.558000e+000,-1.374106e-005
4.559000e+000,-2.112643e-005
4.560000e+000,-2.582621e-005
4.561000e+000,-2.179783e-005
4.562000e+000,-1.340537e-005
4.563000e+000,-3.670113e-006
4.564000e+000,1.311481e-005
4.565000e+000,2.788555e-005
4.566000e+000,8.415034e-006
4.567000e+000,2.036763e-006
4.568000e+000,-7.698490e-006
4.569000e+000,-1.642666e-005
4.570000e+000,-7.362792e-006
4.571000e+000,3.043857e-006
4.572000e+000,-8.369887e-006
4.573000e+000,-1.978364e-005
4.574000e+000,-2.179783e-005
4.575000e+000,-1.374106e-005
4.576000e+000,7.072242e-006
4.577000e+000,2.150728e-005
4.578000e+000,-9.845241e-007
4.579000e+000,-2.045503e-005
4.580000e+000,-4.341509e-006
4.581000e+000,3.379555e-006
4.582000e+000,5.058050e-006
4.583000e+000,4.386653e-006
4.584000e+000,1.412191e-005
4.585000e+000,1.277911e-005
4.586000e+000,-7.027094e-006
4.587000e+000,-1.911224e-005
4.588000e+000,3.043857e-006
4.589000e+000,2.251437e-005
4.590000e+000,3.043857e-006
4.591000e+000,-9.712687e-006
4.592000e+000,-8.034189e-006
4.593000e+000,-9.376988e-006
4.594000e+000,-3.455437e-005
4.595000e+000,-3.958985e-005
4.596000e+000,-1.508386e-005
4.597000e+000,4.386653e-006
4.598000e+000,3.258533e-005
4.599000e+000,5.608422e-005
4.600000e+000,4.634896e-005
4.601000e+000,1.848599e-005
4.602000e+000,2.385716e-005
4.603000e+000,2.184297e-005
4.604000e+000,7.072242e-006
4.605000e+000,-4.341509e-006
4.606000e+000,-3.220448e-005
4.607000e+000,-1.474816e-005
4.608000e+000,-3.334415e-006
4.609000e+000,2.257025e-008
4.610000e+000,6.939702e-007
4.611000e+000,-3.670113e-006
4.612000e+000,-2.327317e-006
4.613000e+000,-5.012905e-006
4.614000e+000,-9.712687e-006
4.615000e+000,-1.038408e-005
4.616000e+000,-1.172688e-005
4.617000e+000,-5.684302e-006
4.618000e+000,-6.488260e-007
4.619000e+000,2.372461e-006
4.620000e+000,3.043857e-006
4.621000e+000,-2.985460e-005
4.622000e+000,-4.529672e-005
4.623000e+000,-1.709805e-005
4.624000e+000,2.184297e-005
4.625000e+000,4.668466e-005
4.626000e+000,3.325672e-005
4.627000e+000,3.157823e-005
4.628000e+000,1.143632e-005
4.629000e+000,-9.712687e-006
4.630000e+000,-8.705592e-006
4.631000e+000,-1.508386e-005
4.632000e+000,-3.131279e-007
4.633000e+000,3.582720e-007
4.634000e+000,-1.172688e-005
4.635000e+000,-2.327317e-006
4.636000e+000,4.386653e-006
4.637000e+000,1.029668e-006
4.638000e+000,8.415034e-006
4.639000e+000,2.956404e-005
4.640000e+000,2.654275e-005
4.641000e+000,8.415034e-006
4.642000e+000,-6.691396e-006
4.643000e+000,-2.448342e-005
4.644000e+000,-2.985460e-005
4.645000e+000,-1.911224e-005
4.646000e+000,-2.998713e-006
4.647000e+000,2.117158e-005
4.648000e+000,1.378621e-005
4.649000e+000,8.415034e-006
4.650000e+000,5.729446e-006
4.651000e+000,4.722351e-006
4.652000e+000,1.949308e-005
4.653000e+000,9.086431e-006
4.654000e+000,-6.355698e-006
4.655000e+000,-3.254018e-005
4.656000e+000,-4.126834e-005
4.657000e+000,-1.944794e-005
4.658000e+000,-1.004838e-005
4.659000e+000,-9.712687e-006
4.660000e+000,-1.273397e-005
4.661000e+000,-1.105548e-005
4.662000e+000,-4.341509e-006
4.663000e+000,2.372461e-006
4.664000e+000,9.086431e-006
4.665000e+000,1.781459e-005
4.666000e+000,1.815029e-005
4.667000e+000,7.407940e-006
4.668000e+000,4.386653e-006
4.669000e+000,1.244342e-005
4.670000e+000,2.016448e-005
4.671000e+000,3.043857e-006
4.672000e+000,-7.027094e-006
4.673000e+000,-6.020000e-006
4.674000e+000,-4.677207e-006
4.675000e+000,6.939702e-007
4.676000e+000,9.086431e-006
4.677000e+000,1.378621e-005
4.678000e+000,1.512900e-005
4.679000e+000,1.277911e-005
4.680000e+000,-1.655920e-006
4.681000e+000,-1.541955e-005
4.682000e+000,-1.776945e-005
4.683000e+000,-1.709805e-005
4.684000e+000,-6.020000e-006
4.685000e+000,3.043857e-006
4.686000e+000,5.058050e-006
4.687000e+000,5.058050e-006
4.688000e+000,5.729446e-006
4.689000e+000,1.029668e-006
4.690000e+000,3.043857e-006
4.691000e+000,-6.488260e-007
4.692000e+000,-5.684302e-006
4.693000e+000,-1.655920e-006
4.694000e+000,-9.845241e-007
4.695000e+000,-6.488260e-007
4.696000e+000,-9.845241e-007
4.697000e+000,-9.712687e-006
4.698000e+000,-1.340537e-005
4.699000e+000,-1.575526e-005
4.700000e+000,-2.246922e-005
4.701000e+000,-2.045503e-005
4.702000e+000,2.708159e-006
4.703000e+000,2.184297e-005
4.704000e+000,5.729446e-006
4.705000e+000,-1.441246e-005
4.706000e+000,2.620705e-005
4.707000e+000,3.728510e-005
4.708000e+000,1.378621e-005
4.709000e+000,7.743638e-006
4.710000e+000,2.519996e-005
4.711000e+000,3.661371e-005
4.712000e+000,1.546470e-005
4.713000e+000,7.407940e-006
4.714000e+000,4.722351e-006
4.715000e+000,-1.374106e-005
4.716000e+000,-2.515482e-005
4.717000e+000,-2.884749e-005
4.718000e+000,-4.341509e-006
4.719000e+000,2.083588e-005
4.720000e+000,1.714319e-005
4.721000e+000,1.042922e-005
4.722000e+000,1.378621e-005
4.723000e+000,9.757827e-006
4.724000e+000,-9.041290e-006
4.725000e+000,-2.179783e-005
4.726000e+000,-2.314063e-005
4.727000e+000,-2.246922e-005
4.728000e+000,-1.374106e-005
4.729000e+000,-9.712687e-006
4.730000e+000,-1.306967e-005
4.731000e+000,-1.508386e-005
4.732000e+000,-1.441246e-005
4.733000e+000,-8.034189e-006
4.734000e+000,2.372461e-006
4.735000e+000,-2.998713e-006
4.736000e+000,-5.012905e-006
4.737000e+000,-1.991619e-006
4.738000e+000,-6.355698e-006
4.739000e+000,-5.684302e-006
4.740000e+000,-7.027094e-006
4.741000e+000,-7.362792e-006
4.742000e+000,-9.712687e-006
4.743000e+000,-4.677207e-006
4.744000e+000,1.143632e-005
4.745000e+000,2.989974e-005
4.746000e+000,1.848599e-005
4.747000e+000,8.079336e-006
4.748000e+000,1.412191e-005
4.749000e+000,1.042922e-005
4.750000e+000,1.445761e-005
4.751000e+000,9.086431e-006
4.752000e+000,2.036763e-006
4.753000e+000,-9.712687e-006
4.754000e+000,-1.239827e-005
4.755000e+000,-1.273397e-005
4.756000e+000,-5.348604e-006
4.757000e+000,3.043857e-006
4.758000e+000,9.086431e-006
4.759000e+000,3.715257e-006
4.760000e+000,-3.131279e-007
4.761000e+000,3.582720e-007
4.762000e+000,6.400842e-006
4.763000e+000,1.244342e-005
4.764000e+000,3.043857e-006
4.765000e+000,-1.655920e-006
4.766000e+000,1.701065e-006
4.767000e+000,-9.845241e-007
4.768000e+000,1.029668e-006
4.769000e+000,5.058050e-006
4.770000e+000,3.043857e-006
4.771000e+000,1.029668e-006
4.772000e+000,-4.341509e-006
4.773000e+000,-1.105548e-005
4.774000e+000,-1.206257e-005
4.775000e+000,-6.020000e-006
4.776000e+000,-5.684302e-006
4.777000e+000,-4.341509e-006
4.778000e+000,-2.327317e-006
4.779000e+000,-3.334415e-006
4.780000e+000,-6.355698e-006
4.781000e+000,-7.362792e-006
4.782000e+000,-7.027094e-006
4.783000e+000,-5.012905e-006
4.784000e+000,6.939702e-007
4.785000e+000,8.750733e-006
4.786000e+000,8.750733e-006
4.787000e+000,3.379555e-006
4.788000e+000,4.050955e-006
4.789000e+000,5.058050e-006
4.790000e+000,5.058050e-006
4.791000e+000,3.715257e-006
4.792000e+000,2.372461e-006
4.793000e+000,9.086431e-006
4.794000e+000,1.110062e-005
4.795000e+000,5.393748e-006
4.796000e+000,-9.845241e-007
4.797000e+000,-2.327317e-006
4.798000e+000,2.036763e-006
4.799000e+000,-5.348604e-006
4.800000e+000,-2.381202e-005
4.801000e+000,-1.944794e-005
4.802000e+000,-6.355698e-006
4.803000e+000,6.065144e-006
4.804000e+000,-1.709805e-005
4.805000e+000,-5.368919e-005
4.806000e+000,-1.911224e-005
4.807000e+000,1.580040e-005
4.808000e+000,2.150728e-005
4.809000e+000,4.265628e-005
4.810000e+000,1.121459e-004
4.811000e+000,1.101317e-004
4.812000e+000,3.795650e-005
4.813000e+000,1.110062e-005
4.814000e+000,-1.441246e-005
4.815000e+000,-3.791136e-005
4.816000e+000,-4.462533e-005
4.817000e+000,-3.791136e-005
4.818000e+000,-3.522577e-005
4.819000e+000,-2.750470e-005
4.820000e+000,-1.441246e-005
4.821000e+000,9.757827e-006
4.822000e+000,7.407940e-006
4.823000e+000,1.701065e-006
4.824000e+000,-1.655920e-006
4.825000e+000,-1.844085e-005
4.826000e+000,-2.314063e-005
4.827000e+000,-1.810515e-005
4.828000e+000,-1.508386e-005
4.829000e+000,-1.105548e-005
4.830000e+000,-1.508386e-005
4.831000e+000,-1.508386e-005
4.832000e+000,-6.691396e-006
4.833000e+000,3.715257e-006
4.834000e+000,3.325672e-005
4.835000e+000,3.325672e-005
4.836000e+000,1.512900e-005
4.837000e+000,6.400842e-006
4.838000e+000,3.043857e-006
4.839000e+000,4.050955e-006
4.840000e+000,3.582720e-007
4.841000e+000,-1.655920e-006
4.842000e+000,-2.998713e-006
4.843000e+000,-1.655920e-006
4.844000e+000,1.701065e-006
4.845000e+000,2.257025e-008
4.846000e+000,-3.131279e-007
4.847000e+000,2.372461e-006
4.848000e+000,3.043857e-006
4.849000e+000,-2.998713e-006
4.850000e+000,-5.684302e-006
4.851000e+000,-1.991619e-006
4.852000e+000,-2.327317e-006
4.853000e+000,-9.845241e-007
4.854000e+000,-2.998713e-006
4.855000e+000,5.393748e-006
4.856000e+000,7.743638e-006
4.857000e+000,-3.131279e-007
4.858000e+000,-1.508386e-005
4.859000e+000,-1.709805e-005
4.860000e+000,-3.670113e-006
4.861000e+000,-3.131279e-007
4.862000e+000,-4.341509e-006
4.863000e+000,-3.131279e-007
4.864000e+000,9.757827e-006
4.865000e+000,6.400842e-006
4.866000e+000,-7.698490e-006
4.867000e+000,1.029668e-006
4.868000e+000,3.043857e-006
4.869000e+000,2.150728e-005
4.870000e+000,2.654275e-005
4.871000e+000,3.258533e-005
4.872000e+000,6.884076e-005
4.873000e+000,5.339863e-005
4.874000e+000,-1.374106e-005
4.875000e+000,-4.865371e-005
4.876000e+000,-4.731091e-005
4.877000e+000,-8.369887e-006
4.878000e+000,5.058050e-006
4.879000e+000,-7.027094e-006
4.880000e+000,-7.698490e-006
4.881000e+000,-1.320222e-006
4.882000e+000,1.701065e-006
4.883000e+000,-7.362792e-006
4.884000e+000,-2.112643e-005
4.885000e+000,-2.112643e-005
4.886000e+000,-1.911224e-005
4.887000e+000,-9.712687e-006
4.888000e+000,6.400842e-006
4.889000e+000,2.721415e-005
4.890000e+000,2.251437e-005
4.891000e+000,3.582720e-007
4.892000e+000,-4.999650e-005
4.893000e+000,-4.193974e-005
4.894000e+000,8.415034e-006
4.895000e+000,3.997069e-005
4.896000e+000,4.332768e-005
4.897000e+000,2.452856e-005
4.898000e+000,1.244342e-005
4.899000e+000,-1.306967e-005
4.900000e+000,-1.239827e-005
4.901000e+000,-7.698490e-006
4.902000e+000,-7.698490e-006
4.903000e+000,-7.027094e-006
4.904000e+000,-4.677207e-006
4.905000e+000,-5.348604e-006
4.906000e+000,-6.691396e-006
4.907000e+000,-6.355698e-006
4.908000e+000,-5.348604e-006
4.909000e+000,-3.670113e-006
4.910000e+000,-9.845241e-007
4.911000e+000,2.372461e-006
4.912000e+000,-1.991619e-006
4.913000e+000,2.036763e-006
4.914000e+000,1.029668e-006
4.915000e+000,-6.488260e-007
4.916000e+000,-3.131279e-007
4.917000e+000,8.079336e-006
4.918000e+000,9.086431e-006
4.919000e+000,9.086431e-006
4.920000e+000,4.722351e-006
4.921000e+000,4.050955e-006
4.922000e+000,1.029668e-006
4.923000e+000,-9.845241e-007
4.924000e+000,-5.684302e-006
4.925000e+000,-1.105548e-005
4.926000e+000,-9.712687e-006
4.927000e+000,-5.684302e-006
4.928000e+000,3.582720e-007
4.929000e+000,-1.655920e-006
4.930000e+000,2.372461e-006
4.931000e+000,8.415034e-006
4.932000e+000,3.715257e-006
4.933000e+000,2.372461e-006
4.934000e+000,3.582720e-007
4.935000e+000,2.257025e-008
4.936000e+000,3.582720e-007
4.937000e+000,1.701065e-006
4.938000e+000,1.701065e-006
4.939000e+000,-1.655920e-006
4.940000e+000,1.365366e-006
4.941000e+000,-3.131279e-007
4.942000e+000,-3.131279e-007
4.943000e+000,3.715257e-006
4.944000e+000,2.372461e-006
4.945000e+000,1.365366e-006
4.946000e+000,-3.334415e-006
4.947000e+000,-2.327317e-006
4.948000e+000,-9.845241e-007
4.949000e+000,1.029668e-006
4.950000e+000,1.029668e-006
4.951000e+000,-1.655920e-006
4.952000e+000,-3.670113e-006
4.953000e+000,-1.004838e-005
4.954000e+000,-7.362792e-006
4.955000e+000,-5.684302e-006
4.956000e+000,-2.998713e-006
4.957000e+000,1.848599e-005
4.958000e+000,2.050018e-005
4.959000e+000,1.512900e-005
4.960000e+000,7.743638e-006
4.961000e+000,-6.488260e-007
4.962000e+000,-1.105548e-005
4.963000e+000,-1.441246e-005
4.964000e+000,-2.998713e-006
4.965000e+000,-8.034189e-006
4.966000e+000,-1.655920e-006
4.967000e+000,1.445761e-005
4.968000e+000,6.400842e-006
4.969000e+000,9.086431e-006
4.970000e+000,8.750733e-006
4.971000e+000,8.415034e-006
4.972000e+000,1.714319e-005
4.973000e+000,3.715257e-006
4.974000e+000,-4.677207e-006
4.975000e+000,-2.998713e-006
4.976000e+000,-5.012905e-006
4.977000e+000,-7.698490e-006
4.978000e+000,-7.698490e-006
4.979000e+000,-2.663015e-006
4.980000e+000,-3.131279e-007
4.981000e+000,-4.341509e-006
4.982000e+000,-5.012905e-006
4.983000e+000,-3.670113e-006
4.984000e+000,-1.655920e-006
4.985000e+000,1.701065e-006
4.986000e+000,-9.845241e-007
4.987000e+000,-1.655920e-006
4.988000e+000,-9.845241e-007
4.989000e+000,-3.131279e-007
4.990000e+000,3.043857e-006
4.991000e+000,1.029668e-006
4.992000e+000,-9.845241e-007
4.993000e+000,2.372461e-006
4.994000e+000,1.029668e-006
4.995000e+000,-1.655920e-006
4.996000e+000,-7.698490e-006
4.997000e+000,2.372461e-006
4.998000e+000,6.400842e-006
4.999000e+000,-1.655920e-006
